[
  (Not 14.16 0 0.0435125)
 , (Not 14.16 4 0.0435125)
 , (Not 14.3362625 0 0.3517875)
 , (Not 14.3362625 4 0.3517875)
 , (Not 14.6902625 0 0.0435125)
 , (Not 14.6902625 4 0.0435125)
 , (Not 14.868 2 2.1217875)
 , (Not 14.868 3 2.1217875)
 , (Not 14.868 4 2.1217875)
 , (Not 16.992 0 0.043512499999999)
 , (Not 16.992 4 0.043512499999999)
 , (Not 17.169 0 0.352525)
 , (Not 17.169 4 0.352525)
 , (Not 17.5237375 0 0.042774999999999)
 , (Not 17.5237375 4 0.042774999999999)
 , (Not 17.7 1 2.1217875)
 , (Not 17.7 3 2.1217875)
 , (Not 17.7 4 2.1217875)
 , (Not 19.824 0 0.043512499999999)
 , (Not 19.824 4 0.043512499999999)
 , (Not 20.001 0 0.3517875)
 , (Not 20.001 4 0.3517875)
 , (Not 20.3542625 0 0.043512499999999)
 , (Not 20.3542625 4 0.043512499999999)
 , (Not 20.532 0 2.1217875)
 , (Not 20.532 1 2.1217875)
 , (Not 20.532 3 2.1217875)
 , (Not 20.532 4 2.1217875)
 , (Not 22.656 0 0.043512499999999)
 , (Not 22.656 4 0.043512499999999)
 , (Not 22.8322625 0 0.352525)
 , (Not 22.8322625 4 0.352525)
 , (Not 23.1862625 0 0.043512499999999)
 , (Not 23.1862625 4 0.043512499999999)
 , (Not 23.364 1 2.1217875)
 , (Not 23.364 2 2.1217875)
 , (Not 23.364 3 2.1217875)
 , (Not 23.364 4 2.1217875)
 , (Not 25.488 0 0.044250000000002)
 , (Not 25.488 4 0.044250000000002)
 , (Not 25.665 0 0.3517875)
 , (Not 25.665 4 0.3517875)
 , (Not 26.0182625 0 0.044250000000002)
 , (Not 26.0182625 4 0.044250000000002)
 , (Not 26.196 2 2.1217875)
 , (Not 26.196 3 2.1217875)
 , (Not 26.196 4 2.1217875)
 , (Not 28.32 0 0.043512499999999)
 , (Not 28.32 4 0.043512499999999)
 , (Not 28.4962625 0 0.352525)
 , (Not 28.4962625 4 0.352525)
 , (Not 28.851 0 0.043512499999999)
 , (Not 28.851 4 0.043512499999999)
 , (Not 29.028 1 2.1217875)
 , (Not 29.028 3 2.1217875)
 , (Not 29.028 4 2.1217875)
 , (Not 31.152 0 0.043512499999999)
 , (Not 31.152 4 0.043512499999999)
 , (Not 31.329 0 0.3517875)
 , (Not 31.329 4 0.3517875)
 , (Not 31.683 0 0.043512499999999)
 , (Not 31.683 4 0.043512499999999)
 , (Not 31.86 0 2.1217875)
 , (Not 31.86 1 2.1217875)
 , (Not 31.86 3 2.1217875)
 , (Not 31.86 4 2.1217875)
 , (Not 33.984 0 0.043512499999999)
 , (Not 33.984 4 0.043512499999999)
 , (Not 34.161 0 0.352525)
 , (Not 34.161 4 0.352525)
 , (Not 34.5157375 0 0.042774999999999)
 , (Not 34.5157375 4 0.042774999999999)
 , (Not 34.692 1 1.7677875)
 , (Not 34.692 2 1.7677875)
 , (Not 34.692 3 1.7677875)
 , (Not 34.692 4 1.7677875)
 , (Not 36.462 0 0.3517875)
 , (Not 36.462 4 0.3517875)
 , (Not 36.816 1 0.5287875)
 , (Not 36.816 2 0.5287875)
 , (Not 36.816 3 0.5287875)
 , (Not 36.816 4 0.5287875)
 , (Not 37.347 0 0.5287875)
 , (Not 37.347 2 0.5287875)
 , (Not 37.347 3 0.5287875)
 , (Not 37.347 4 0.5287875)
 , (Not 37.878 0 0.5287875)
 , (Not 37.878 1 0.5287875)
 , (Not 37.878 3 0.5287875)
 , (Not 37.878 4 0.5287875)
 , (Not 38.409 1 0.5287875)
 , (Not 38.409 2 0.5287875)
 , (Not 38.409 3 0.5287875)
 , (Not 38.409 4 0.5287875)
 , (Not 38.94 0 0.3517875)
 , (Not 38.94 2 0.3517875)
 , (Not 38.94 3 0.3517875)
 , (Not 38.94 4 0.3517875)
 , (Not 39.294 0 0.3517875)
 , (Not 39.294 1 0.3517875)
 , (Not 39.294 3 0.3517875)
 , (Not 39.294 4 0.3517875)
 , (Not 39.648 0 0.043512499999999)
 , (Not 39.648 4 0.043512499999999)
 , (Not 39.8242625 0 0.3517875)
 , (Not 39.8242625 4 0.3517875)
 , (Not 40.1782625 0 0.043512499999999)
 , (Not 40.1782625 4 0.043512499999999)
 , (Not 40.356 2 0.7057875)
 , (Not 40.356 3 0.7057875)
 , (Not 40.356 4 0.7057875)
 , (Not 41.064 2 0.044249999999998)
 , (Not 41.064 4 0.044249999999998)
 , (Not 41.241 2 0.5287875)
 , (Not 41.241 3 0.5287875)
 , (Not 41.241 4 0.5287875)
 , (Not 41.772 2 0.044249999999998)
 , (Not 41.772 3 0.044249999999998)
 , (Not 41.772 4 0.044249999999998)
 , (Not 41.949 2 0.044249999999998)
 , (Not 41.949 4 0.044249999999998)
 , (Not 42.126 2 0.3517875)
 , (Not 42.126 3 0.3517875)
 , (Not 42.126 4 0.3517875)
 , (Not 42.48 0 0.043512499999999)
 , (Not 42.48 4 0.043512499999999)
 , (Not 42.657 0 0.352525)
 , (Not 42.657 4 0.352525)
 , (Not 43.0117375 0 0.043512499999999)
 , (Not 43.0117375 4 0.043512499999999)
 , (Not 43.188 1 0.8827875)
 , (Not 43.188 3 0.8827875)
 , (Not 43.188 4 0.8827875)
 , (Not 44.073 1 0.5287875)
 , (Not 44.073 2 0.5287875)
 , (Not 44.073 4 0.5287875)
 , (Not 44.604 1 0.7057875)
 , (Not 44.604 2 0.7057875)
 , (Not 44.604 4 0.7057875)
 , (Not 45.312 0 0.044249999999998)
 , (Not 45.312 4 0.044249999999998)
 , (Not 45.489 0 0.352525)
 , (Not 45.489 4 0.352525)
 , (Not 45.8437375 0 0.044249999999998)
 , (Not 45.8437375 1 0.044249999999998)
 , (Not 45.8437375 3 0.044249999999998)
 , (Not 45.8437375 4 0.044249999999998)
 , (Not 45.9315 0 0.044249999999998)
 , (Not 45.9315 1 0.044249999999998)
 , (Not 45.9315 3 0.044249999999998)
 , (Not 45.9315 4 0.044249999999998)
 , (Not 46.02 0 0.8827875)
 , (Not 46.02 1 0.8827875)
 , (Not 46.02 3 0.8827875)
 , (Not 46.02 4 0.8827875)
 , (Not 46.905 0 0.5287875)
 , (Not 46.905 2 0.5287875)
 , (Not 46.905 4 0.5287875)
 , (Not 47.436 0 0.3517875)
 , (Not 47.436 1 0.3517875)
 , (Not 47.436 4 0.3517875)
 , (Not 47.79 0 0.3517875)
 , (Not 47.79 4 0.3517875)
 , (Not 48.144 1 0.5287875)
 , (Not 48.144 2 0.5287875)
 , (Not 48.144 3 0.5287875)
 , (Not 48.144 4 0.5287875)
 , (Not 48.6742625 0 0.529525)
 , (Not 48.6742625 2 0.529525)
 , (Not 48.6742625 3 0.529525)
 , (Not 48.6742625 4 0.529525)
 , (Not 49.206 0 0.5287875)
 , (Not 49.206 1 0.5287875)
 , (Not 49.206 3 0.5287875)
 , (Not 49.206 4 0.5287875)
 , (Not 49.737 1 0.5287875)
 , (Not 49.737 2 0.5287875)
 , (Not 49.737 3 0.5287875)
 , (Not 49.737 4 0.5287875)
 , (Not 50.268 0 0.3517875)
 , (Not 50.268 2 0.3517875)
 , (Not 50.268 3 0.3517875)
 , (Not 50.268 4 0.3517875)
 , (Not 50.622 2 0.043512499999999)
 , (Not 50.622 4 0.043512499999999)
 , (Not 50.7997375 3 0.043512499999999)
 , (Not 50.976 0 0.043512499999999)
 , (Not 50.976 4 0.043512499999999)
 , (Not 51.1522625 3 0.044249999999998)
 , (Not 51.1522625 4 0.044249999999998)
 , (Not 51.33 4 0.044249999999998)
 , (Not 51.507 1 0.352525)
 , (Not 51.507 4 0.352525)
 , (Not 51.8617375 3 0.043512499999999)
 , (Not 51.8617375 4 0.043512499999999)
 , (Not 52.038 4 0.043512499999999)
 , (Not 52.215 3 0.043512499999999)
 , (Not 52.215 4 0.043512499999999)
 , (Not 52.392 2 0.3517875)
 , (Not 52.392 4 0.3517875)
 , (Not 52.746 4 0.043512499999999)
 , (Not 52.9237375 1 0.3517875)
 , (Not 52.9237375 4 0.3517875)
 , (Not 53.2777375 3 0.042774999999999)
 , (Not 53.2777375 4 0.042774999999999)
 , (Not 53.454 4 0.3517875)
 , (Not 53.808 0 0.044249999999998)
 , (Not 53.808 4 0.044249999999998)
 , (Not 53.9857375 3 0.044249999999998)
 , (Not 53.9857375 4 0.044249999999998)
 , (Not 54.162 4 0.044249999999998)
 , (Not 54.3397375 2 0.3517875)
 , (Not 54.3397375 4 0.3517875)
 , (Not 54.6937375 3 0.043512499999999)
 , (Not 54.6937375 4 0.043512499999999)
 , (Not 54.87 4 0.3517875)
 , (Not 55.224 1 0.043512499999999)
 , (Not 55.224 4 0.043512499999999)
 , (Not 55.4017375 3 0.042774999999999)
 , (Not 55.4017375 4 0.042774999999999)
 , (Not 55.578 4 0.043512499999999)
 , (Not 55.7557375 2 0.35105)
 , (Not 55.7557375 4 0.35105)
 , (Not 56.109 3 0.044249999999998)
 , (Not 56.109 4 0.044249999999998)
 , (Not 56.286 1 0.3517875)
 , (Not 56.286 4 0.3517875)
 , (Not 56.64 0 0.043512499999999)
 , (Not 56.64 4 0.043512499999999)
 , (Not 56.817 3 0.043512499999999)
 , (Not 56.817 4 0.043512499999999)
 , (Not 56.994 4 0.043512499999999)
 , (Not 57.171 1 0.3517875)
 , (Not 57.171 4 0.3517875)
 , (Not 57.525 3 0.044249999999998)
 , (Not 57.525 4 0.044249999999998)
 , (Not 57.702 4 0.044249999999998)
 , (Not 57.879 3 0.044249999999998)
 , (Not 57.879 4 0.044249999999998)
 , (Not 58.056 2 0.043512499999999)
 , (Not 58.056 4 0.043512499999999)
 , (Not 58.2337375 3 0.043512499999999)
 , (Not 58.2337375 4 0.043512499999999)
 , (Not 58.41 4 0.043512499999999)
 , (Not 58.587 1 0.3517875)
 , (Not 58.587 4 0.3517875)
 , (Not 58.941 3 0.044249999999998)
 , (Not 58.941 4 0.044249999999998)
 , (Not 59.118 4 0.3517875)
 , (Not 59.472 0 0.044249999999998)
 , (Not 59.472 4 0.044249999999998)
 , (Not 59.6497375 3 0.044249999999998)
 , (Not 59.6497375 4 0.044249999999998)
 , (Not 59.826 4 0.044249999999998)
 , (Not 60.003 2 0.3517875)
 , (Not 60.003 4 0.3517875)
 , (Not 60.3562625 3 0.044249999999998)
 , (Not 60.3562625 4 0.044249999999998)
 , (Not 60.534 4 0.3517875)
 , (Not 60.888 1 0.043512499999999)
 , (Not 60.888 4 0.043512499999999)
 , (Not 61.0642625 3 0.044249999999998)
 , (Not 61.0642625 4 0.044249999999998)
 , (Not 61.242 4 0.043512499999999)
 , (Not 61.4182625 2 0.3517875)
 , (Not 61.4182625 4 0.3517875)
 , (Not 61.7722625 3 0.044249999999998)
 , (Not 61.7722625 4 0.044249999999998)
 , (Not 61.95 1 0.3517875)
 , (Not 61.95 4 0.3517875)
 , (Not 62.304 0 0.043512499999999)
 , (Not 62.304 4 0.043512499999999)
 , (Not 62.4802625 3 0.044249999999998)
 , (Not 62.4802625 4 0.044249999999998)
 , (Not 62.658 4 0.044249999999998)
 , (Not 62.835 1 0.352525)
 , (Not 62.835 4 0.352525)
 , (Not 63.1897375 3 0.043512499999999)
 , (Not 63.1897375 4 0.043512499999999)
 , (Not 63.366 4 0.043512499999999)
 , (Not 63.5422625 3 0.043512499999999)
 , (Not 63.5422625 4 0.043512499999999)
 , (Not 63.72 2 0.043512499999999)
 , (Not 63.72 4 0.043512499999999)
 , (Not 63.8962625 3 0.044249999999998)
 , (Not 63.8962625 4 0.044249999999998)
 , (Not 64.074 4 0.043512500000006)
 , (Not 64.2502625 1 0.352525)
 , (Not 64.2502625 4 0.352525)
 , (Not 64.605 3 0.043512500000006)
 , (Not 64.605 4 0.043512500000006)
 , (Not 64.782 4 0.3517875)
 , (Not 65.136 0 0.044250000000005)
 , (Not 65.136 4 0.044250000000005)
 , (Not 65.3122625 3 0.044250000000005)
 , (Not 65.3122625 4 0.044250000000005)
 , (Not 65.49 4 0.044250000000005)
 , (Not 65.6662625 2 0.352525)
 , (Not 65.6662625 4 0.352525)
 , (Not 66.0202625 3 0.043512500000006)
 , (Not 66.0202625 4 0.043512500000006)
 , (Not 66.198 4 0.3517875)
 , (Not 66.552 1 0.043512500000006)
 , (Not 66.552 4 0.043512500000006)
 , (Not 66.729 3 0.043512500000006)
 , (Not 66.729 4 0.043512500000006)
 , (Not 66.906 4 0.043512500000006)
 , (Not 67.0837375 2 0.35105)
 , (Not 67.0837375 4 0.35105)
 , (Not 67.437 3 0.044250000000005)
 , (Not 67.437 4 0.044250000000005)
 , (Not 67.614 1 0.3517875)
 , (Not 67.614 4 0.3517875)
 , (Not 67.968 0 0.044250000000005)
 , (Not 67.968 4 0.044250000000005)
 , (Not 68.1457375 3 0.044250000000005)
 , (Not 68.1457375 4 0.044250000000005)
 , (Not 68.322 4 0.044250000000005)
 , (Not 68.4997375 1 0.3517875)
 , (Not 68.4997375 4 0.3517875)
 , (Not 68.8537375 3 0.044250000000005)
 , (Not 68.8537375 4 0.044250000000005)
 , (Not 69.03 4 0.3517875)
 , (Not 69.384 2 0.044250000000005)
 , (Not 69.384 4 0.044250000000005)
 , (Not 69.5617375 3 0.044250000000005)
 , (Not 69.5617375 4 0.044250000000005)
 , (Not 69.738 4 0.044250000000005)
 , (Not 69.915 1 0.3517875)
 , (Not 69.915 4 0.3517875)
 , (Not 70.269 3 0.043512500000006)
 , (Not 70.269 4 0.043512500000006)
 , (Not 70.446 4 0.3517875)
 , (Not 70.8 0 0.043512500000006)
 , (Not 70.8 4 0.043512500000006)
 , (Not 70.977 3 0.043512500000006)
 , (Not 70.977 4 0.043512500000006)
 , (Not 71.154 4 0.043512500000006)
 , (Not 71.3317375 2 0.3517875)
 , (Not 71.3317375 4 0.3517875)
 , (Not 71.6857375 3 0.044250000000005)
 , (Not 71.6857375 4 0.044250000000005)
 , (Not 71.862 4 0.3517875)
 , (Not 72.216 1 0.044250000000005)
 , (Not 72.216 4 0.044250000000005)
 , (Not 72.393 3 0.044250000000005)
 , (Not 72.393 4 0.044250000000005)
 , (Not 72.57 4 0.044250000000005)
 , (Not 72.7477375 1 0.52952500000001)
 , (Not 72.7477375 4 0.52878750000001)
 , (Not 73.278 1 0.3517875)
 , (Not 73.278 2 0.3517875)
 , (Not 73.278 3 0.3517875)
 , (Not 73.278 4 0.3517875)
 , (Not 73.632 1 2.4757875)
 , (Not 73.632 2 2.4757875)
 , (Not 73.632 4 2.4757875)
 , (Not 76.11 1 0.043512500000006)
 , (Not 76.11 2 0.043512500000006)
 , (Not 76.11 4 0.043512500000006)
 , (Not 76.287 1 0.043512500000006)
 , (Not 76.287 2 0.043512500000006)
 , (Not 76.287 4 0.043512500000006)
 , (Not 76.464 1 1.0597875)
 , (Not 76.464 2 1.0597875)
 , (Not 76.464 4 1.0597875)
 , (Not 77.526 1 0.043512500000006)
 , (Not 77.526 2 0.043512500000006)
 , (Not 77.526 4 0.043512500000006)
 , (Not 77.7022625 1 0.043512500000006)
 , (Not 77.7022625 2 0.043512500000006)
 , (Not 77.7022625 4 0.043512500000006)
 , (Not 77.88 1 1.0597875)
 , (Not 77.88 2 1.0597875)
 , (Not 77.88 4 1.0597875)
 , (Not 78.942 1 0.3517875)
 , (Not 78.942 2 0.3517875)
 , (Not 78.942 4 0.3517875)
 , (Not 79.296 1 0.3517875)
 , (Not 79.296 2 0.3517875)
 , (Not 79.296 3 0.3517875)
 , (Not 79.296 4 0.3517875)
 , (Not 79.65 1 0.3532625)
 , (Not 79.65 2 0.3532625)
 , (Not 79.65 3 0.3532625)
 , (Not 79.65 4 0.352525)
 , (Not 80.004 1 0.3517875)
 , (Not 80.004 2 0.3517875)
 , (Not 80.004 3 0.3517875)
 , (Not 80.004 4 0.3517875)
 , (Not 80.358 1 0.3517875)
 , (Not 80.358 2 0.3517875)
 , (Not 80.358 3 0.3517875)
 , (Not 80.358 4 0.3517875)
 , (Not 80.712 0 0.3517875)
 , (Not 80.712 2 0.3517875)
 , (Not 80.712 3 0.3517875)
 , (Not 80.712 4 0.3517875)
 , (Not 81.066 0 0.3517875)
 , (Not 81.066 2 0.3517875)
 , (Not 81.066 3 0.3517875)
 , (Not 81.066 4 0.3517875)
 , (Not 81.42 0 0.3517875)
 , (Not 81.42 2 0.3517875)
 , (Not 81.42 3 0.3517875)
 , (Not 81.42 4 0.3517875)
 , (Not 81.774 1 0.7057875)
 , (Not 81.774 2 0.7057875)
 , (Not 81.774 4 0.7057875)
 , (Not 82.482 1 0.3517875)
 , (Not 82.482 2 0.3517875)
 , (Not 82.482 4 0.3517875)
 , (Not 82.836 1 0.3517875)
 , (Not 82.836 2 0.3517875)
 , (Not 82.836 4 0.3517875)
 , (Not 83.19 1 0.3517875)
 , (Not 83.19 2 0.3517875)
 , (Not 83.19 4 0.3517875)
 , (Not 83.544 1 0.3517875)
 , (Not 83.544 2 0.3517875)
 , (Not 83.544 3 0.3517875)
 , (Not 83.544 4 0.3517875)
 , (Not 83.898 1 0.3517875)
 , (Not 83.898 2 0.3517875)
 , (Not 83.898 3 0.3517875)
 , (Not 83.898 4 0.3517875)
 , (Not 84.252 1 0.3517875)
 , (Not 84.252 2 0.3517875)
 , (Not 84.252 3 0.3517875)
 , (Not 84.252 4 0.3517875)
 , (Not 84.606 1 0.3517875)
 , (Not 84.606 2 0.3517875)
 , (Not 84.606 3 0.3517875)
 , (Not 84.606 4 0.3517875)
 , (Not 84.96 0 0.3517875)
 , (Not 84.96 2 0.3517875)
 , (Not 84.96 3 0.3517875)
 , (Not 84.96 4 0.3517875)
 , (Not 85.314 0 0.3517875)
 , (Not 85.314 2 0.3517875)
 , (Not 85.314 3 0.3517875)
 , (Not 85.314 4 0.3517875)
 , (Not 85.668 0 0.3517875)
 , (Not 85.668 2 0.3517875)
 , (Not 85.668 3 0.3517875)
 , (Not 85.668 4 0.3517875)
 , (Not 86.022 0 0.3517875)
 , (Not 86.022 2 0.3517875)
 , (Not 86.022 3 0.3517875)
 , (Not 86.022 4 0.3517875)
 , (Not 86.376 1 0.3517875)
 , (Not 86.376 2 0.3517875)
 , (Not 86.376 3 0.3517875)
 , (Not 86.376 4 0.3517875)
 , (Not 86.73 1 0.3532625)
 , (Not 86.73 2 0.3532625)
 , (Not 86.73 3 0.3532625)
 , (Not 86.73 4 0.352525)
 , (Not 87.084 1 0.3517875)
 , (Not 87.084 2 0.3517875)
 , (Not 87.084 3 0.3517875)
 , (Not 87.084 4 0.3517875)
 , (Not 87.438 1 0.3517875)
 , (Not 87.438 2 0.3517875)
 , (Not 87.438 3 0.3517875)
 , (Not 87.438 4 0.3517875)
 , (Not 87.792 0 0.043512500000006)
 , (Not 87.792 1 0.043512500000006)
 , (Not 87.792 4 0.043512500000006)
 , (Not 87.9697375 0 0.3517875)
 , (Not 87.9697375 1 0.3517875)
 , (Not 87.9697375 4 0.3517875)
 , (Not 88.3237375 0 0.042775000000006)
 , (Not 88.3237375 1 0.042775000000006)
 , (Not 88.3237375 4 0.042775000000006)
 , (Not 88.5 2 10.6177875)
 , (Not 88.5 3 10.6177875)
 , (Not 88.5 4 10.6177875)
 , (Not 99.12 4 0.043512500000006)
 , (Not 99.2962625 2 0.044250000000005)
 , (Not 99.2962625 4 0.044250000000005)
 , (Not 99.474 3 0.043512500000006)
 , (Not 99.474 4 0.043512500000006)
 , (Not 99.651 1 0.043512500000006)
 , (Not 99.651 4 0.043512500000006)
 , (Not 99.828 2 0.043512500000006)
 , (Not 99.828 4 0.043512500000006)
 , (Not 100.0042625 1 0.3532625)
 , (Not 100.0042625 4 0.3532625)
 , (Not 100.3597375 4 0.3517875)
 , (Not 100.7137375 2 0.043512500000006)
 , (Not 100.7137375 4 0.043512500000006)
 , (Not 100.89 3 0.043512500000006)
 , (Not 100.89 4 0.043512500000006)
 , (Not 101.067 1 0.043512500000006)
 , (Not 101.067 4 0.043512500000006)
 , (Not 101.244 2 0.043512500000006)
 , (Not 101.244 4 0.043512500000006)
 , (Not 101.4202625 0 0.044250000000005)
 , (Not 101.4202625 4 0.044250000000005)
 , (Not 101.598 4 0.043512500000006)
 , (Not 101.7742625 2 0.044250000000005)
 , (Not 101.7742625 4 0.044250000000005)
 , (Not 101.952 3 0.043512500000006)
 , (Not 101.952 4 0.043512500000006)
 , (Not 102.129 1 0.043512500000006)
 , (Not 102.129 4 0.043512500000006)
 , (Not 102.306 2 0.043512500000006)
 , (Not 102.306 4 0.043512500000006)
 , (Not 102.4822625 1 0.352525)
 , (Not 102.4822625 4 0.352525)
 , (Not 102.837 4 0.3517875)
 , (Not 103.191 2 0.043512500000006)
 , (Not 103.191 4 0.043512500000006)
 , (Not 103.368 3 0.043512500000006)
 , (Not 103.368 4 0.043512500000006)
 , (Not 103.5457375 1 0.042775000000006)
 , (Not 103.5457375 4 0.042775000000006)
 , (Not 103.722 2 0.043512500000006)
 , (Not 103.722 4 0.043512500000006)
 , (Not 103.8982625 0 0.044250000000005)
 , (Not 103.8982625 4 0.044250000000005)
 , (Not 104.076 4 0.044250000000005)
 , (Not 104.253 2 0.044250000000005)
 , (Not 104.253 4 0.044250000000005)
 , (Not 104.43 3 0.043512500000006)
 , (Not 104.43 4 0.043512500000006)
 , (Not 104.6077375 1 0.043512500000006)
 , (Not 104.6077375 4 0.043512500000006)
 , (Not 104.784 2 0.044250000000005)
 , (Not 104.784 4 0.044250000000005)
 , (Not 104.961 1 0.352525)
 , (Not 104.961 4 0.352525)
 , (Not 105.3157375 4 0.35105)
 , (Not 105.669 2 0.044250000000005)
 , (Not 105.669 4 0.044250000000005)
 , (Not 105.846 3 0.043512500000006)
 , (Not 105.846 4 0.043512500000006)
 , (Not 106.023 1 0.043512500000006)
 , (Not 106.023 4 0.043512500000006)
 , (Not 106.2 2 0.043512500000006)
 , (Not 106.2 4 0.043512500000006)
 , (Not 106.377 0 0.043512500000006)
 , (Not 106.377 4 0.043512500000006)
 , (Not 106.554 4 0.043512500000006)
 , (Not 106.731 2 0.043512500000006)
 , (Not 106.731 4 0.043512500000006)
 , (Not 106.908 3 0.043512500000006)
 , (Not 106.908 4 0.043512500000006)
 , (Not 107.0857375 1 0.043512500000006)
 , (Not 107.0857375 4 0.043512500000006)
 , (Not 107.262 2 0.043512500000006)
 , (Not 107.262 4 0.043512500000006)
 , (Not 107.4397375 1 0.35105)
 , (Not 107.4397375 4 0.35105)
 , (Not 107.793 4 0.3517875)
 , (Not 108.147 2 0.043512500000006)
 , (Not 108.147 4 0.043512500000006)
 , (Not 108.324 3 0.043512500000006)
 , (Not 108.324 4 0.043512500000006)
 , (Not 108.501 1 0.043512500000006)
 , (Not 108.501 4 0.043512500000006)
 , (Not 108.678 2 0.043512500000006)
 , (Not 108.678 4 0.043512500000006)
 , (Not 108.8557375 0 0.043512500000006)
 , (Not 108.8557375 4 0.043512500000006)
 , (Not 109.032 0 1.0597875)
 , (Not 109.032 4 1.060525)
 , (Not 109.386 2 0.7072625)
 , (Not 109.74 3 0.3532625)
 , (Not 110.094 0 0.043512500000006)
 , (Not 110.094 4 0.043512500000006)
 , (Not 110.271 1 1.239)
 , (Not 110.271 4 1.239)
 , (Not 110.802 3 0.7072625)
 , (Not 111.51 0 1.0597875)
 , (Not 111.51 4 1.062)
 , (Not 111.864 2 0.708)
 , (Not 112.218 3 0.354)
 , (Not 112.572 0 0.043512500000006)
 , (Not 112.572 4 0.043512500000006)
 , (Not 112.7497375 1 1.237525)
 , (Not 112.7497375 4 1.2367875)
 , (Not 113.1037375 3 0.88352499999999)
 , (Not 113.988 0 1.0597875)
 , (Not 113.988 4 1.060525)
 , (Not 114.342 2 0.7072625)
 , (Not 114.696 3 0.3532625)
 , (Not 115.05 0 0.043512500000006)
 , (Not 115.05 4 0.043512500000006)
 , (Not 115.227 1 1.2382625)
 , (Not 115.227 4 1.239)
 , (Not 115.758 3 0.7072625)
 , (Not 116.466 0 1.0597875)
 , (Not 116.466 4 1.10625)
 , (Not 116.82 2 0.708)
 , (Not 117.174 3 0.354)
 , (Not 117.528 0 0.044250000000005)
 , (Not 117.7057375 1 1.2382625)
 , (Not 117.7057375 4 1.2382625)
 , (Not 118.0597375 3 0.88352499999999)
 , (Not 118.944 4 0.044250000000005)
 , (Not 119.121 2 0.044250000000005)
 , (Not 119.121 4 0.044250000000005)
 , (Not 119.298 3 0.044250000000005)
 , (Not 119.298 4 0.044250000000005)
 , (Not 119.475 1 0.044250000000005)
 , (Not 119.475 4 0.044250000000005)
 , (Not 119.652 2 0.043512500000006)
 , (Not 119.652 4 0.043512500000006)
 , (Not 119.8297375 1 0.35105)
 , (Not 119.8297375 4 0.35105)
 , (Not 120.183 4 0.35105)
 , (Not 120.5362625 2 0.044250000000005)
 , (Not 120.5362625 4 0.044250000000005)
 , (Not 120.714 3 0.043512500000006)
 , (Not 120.714 4 0.043512500000006)
 , (Not 120.891 2 0.043512500000006)
 , (Not 120.891 4 0.043512500000006)
 , (Not 121.068 1 0.044250000000005)
 , (Not 121.068 4 0.044250000000005)
 , (Not 121.2442625 0 0.044250000000005)
 , (Not 121.2442625 4 0.044250000000005)
 , (Not 121.422 4 0.044250000000005)
 , (Not 121.599 2 0.044250000000005)
 , (Not 121.599 4 0.044250000000005)
 , (Not 121.776 3 0.044250000000005)
 , (Not 121.776 4 0.044250000000005)
 , (Not 121.9537375 1 0.044250000000005)
 , (Not 121.9537375 4 0.044250000000005)
 , (Not 122.13 2 0.043512500000006)
 , (Not 122.13 4 0.043512500000006)
 , (Not 122.307 1 0.3517875)
 , (Not 122.307 4 0.3517875)
 , (Not 122.661 4 0.3517875)
 , (Not 123.0142625 2 0.043512500000006)
 , (Not 123.0142625 4 0.043512500000006)
 , (Not 123.192 3 0.043512500000006)
 , (Not 123.192 4 0.043512500000006)
 , (Not 123.369 2 0.043512500000006)
 , (Not 123.369 4 0.043512500000006)
 , (Not 123.546 1 0.044250000000005)
 , (Not 123.546 4 0.044250000000005)
 , (Not 123.7222625 0 0.044250000000005)
 , (Not 123.7222625 4 0.044250000000005)
 , (Not 123.9 2 0.044250000000005)
 , (Not 123.9 4 0.044250000000005)
 , (Not 123.9885 1 0.043512500000006)
 , (Not 124.0762625 2 0.044250000000005)
 , (Not 124.1655 1 0.044250000000005)
 , (Not 124.254 2 0.044250000000005)
 , (Not 124.3425 1 0.043512500000006)
 , (Not 124.4317375 2 0.044250000000005)
 , (Not 124.5195 1 0.044250000000005)
 , (Not 124.608 3 0.043512500000006)
 , (Not 124.6965 1 0.044250000000005)
 , (Not 124.7857375 3 0.043512500000006)
 , (Not 124.8742375 1 0.044250000000005)
 , (Not 124.962 3 0.043512500000006)
 , (Not 125.0505 1 0.044250000000005)
 , (Not 125.1397375 3 0.043512500000006)
 , (Not 125.2275 1 0.043512500000006)
 , (Not 125.316 3 0.043512500000006)
 , (Not 125.4045 1 0.044250000000005)
 , (Not 125.4922625 3 0.044250000000005)
 , (Not 125.5815 1 0.043512500000006)
 , (Not 125.67 3 0.044250000000005)
 , (Not 125.7577625 1 0.044250000000005)
 , (Not 125.847 3 0.044250000000005)
 , (Not 125.9362375 1 0.043512500000006)
 , (Not 126.1125 1 0.043512500000006)
 , (Not 126.2895 1 0.043512500000006)
 , (Not 126.378 0 0.88352500000001)
 , (Not 126.378 4 0.88352500000001)
 , (Not 127.2637375 1 0.43955)
 , (Not 127.7055 2 1.4152625)
 , (Not 129.4755 3 0.044250000000005)
 , (Not 129.4755 4 0.044250000000005)
 , (Not 129.6753625 2 0.043512499999991)
 , (Not 129.78525 3 0.043512499999991)
 , (Not 130.1835 3 0.043512499999991)
 , (Not 130.1835 4 0.043512499999991)
 , (Not 130.382625 2 0.044250000000005)
 , (Not 130.382625 4 0.044250000000005)
 , (Not 130.49325 3 0.044250000000005)
 , (Not 130.603875 2 0.044250000000005)
 , (Not 130.75875 1 0.043512499999991)
 , (Not 130.98 2 0.44176250000001)
 , (Not 131.55525 3 0.043512499999991)
 , (Not 131.55525 4 0.043512499999991)
 , (Not 131.7757625 2 0.043512499999991)
 , (Not 131.9306375 3 0.043512499999991)
 , (Not 132.5737375 0 0.52657499999998)
 , (Not 132.5737375 4 0.52657499999998)
 , (Not 133.104 1 0.70431249999999)
 , (Not 133.104 4 0.70431249999999)
 , (Not 133.812 2 0.70578749999999)
 , (Not 133.812 4 0.70578749999999)
 , (Not 134.6085 3 0.6172875)
 , (Not 134.6085 4 0.6172875)
 , (Not 135.228 1 0.044250000000005)
 , (Not 135.228 4 0.044250000000005)
 , (Not 135.3614875 0 0.044250000000005)
 , (Not 135.471375 2 0.37391249999999)
 , (Not 135.8467625 2 0.044250000000005)
 , (Not 135.8467625 4 0.044250000000005)
 , (Not 135.9131375 3 1.3039)
 , (Not 137.21925 1 0.044250000000005)
 , (Not 137.21925 4 0.044250000000005)
 , (Not 137.2848875 2 0.044250000000005)
 , (Not 137.352 3 0.043512499999991)
 , (Not 137.706 3 0.043512499999991)
 , (Not 138.06 3 0.043512499999991)
 , (Not 138.06 4 0.043512499999991)
 , (Not 138.237 1 0.043512499999991)
 , (Not 138.237 4 0.043512499999991)
 , (Not 138.414 2 0.043512499999991)
 , (Not 138.414 4 0.043512499999991)
 , (Not 138.55855 1 0.042775000000006)
 , (Not 138.701625 0 0.043512499999991)
 , (Not 138.8557625 1 0.044250000000005)
 , (Not 138.8557625 4 0.044250000000005)
 , (Not 139.0770125 2 0.044250000000005)
 , (Not 139.0770125 4 0.044250000000005)
 , (Not 139.2982625 3 0.30827499999998)
 , (Not 139.2982625 4 0.30827499999998)
 , (Not 139.83 0 0.043512499999991)
 , (Not 140.361 3 0.043512499999991)
 , (Not 140.361 4 0.043512499999991)
 , (Not 140.49375 2 0.043512499999991)
 , (Not 140.616175 1 0.043512499999991)
 , (Not 140.737125 2 0.043512499999991)
 , (Not 140.737125 4 0.043512499999991)
 , (Not 140.93625 4 0.043512499999991)
 , (Not 141.11325 2 0.39677499999999)
 , (Not 141.11325 4 0.39677499999999)
 , (Not 141.5115 1 0.043512499999991)
 , (Not 141.5115 4 0.043512499999991)
 , (Not 141.622125 3 0.043512499999991)
 , (Not 141.73275 1 0.043512499999991)
 , (Not 141.843375 3 0.043512499999991)
 , (Not 141.954 1 0.043512499999991)
 , (Not 142.131 2 0.043512499999991)
 , (Not 142.131 4 0.043512499999991)
 , (Not 142.285875 4 0.043512499999991)
 , (Not 142.44075 2 0.3975125)
 , (Not 142.44075 4 0.3975125)
 , (Not 142.9275 2 0.044250000000005)
 , (Not 142.9275 4 0.044250000000005)
 , (Not 143.06025 1 0.044250000000005)
 , (Not 143.193 0 0.52731249999999)
 , (Not 143.724 1 0.70431250000001)
 , (Not 143.724 4 0.70431250000001)
 , (Not 144.432 2 0.70431250000001)
 , (Not 144.432 4 0.70431250000001)
 , (Not 145.14 3 0.5730375)
 , (Not 145.71525 2 0.3075375)
 , (Not 146.025 0 0.52878749999999)
 , (Not 146.025 4 0.52878749999999)
 , (Not 146.556 1 0.70578750000001)
 , (Not 146.556 4 0.70578750000001)
 , (Not 147.264 2 0.35400000000001)
 , (Not 148.1497375 1 0.043512499999991)
 , (Not 148.1497375 4 0.043512499999991)
 , (Not 148.2706875 2 0.044250000000005)
 , (Not 148.392375 3 0.043512499999991)
 , (Not 148.5148 2 0.04351250000002)
 , (Not 148.6364875 1 0.043512499999991)
 , (Not 148.746375 2 0.043512499999991)
 , (Not 148.8577375 3 0.043512499999991)
 , (Not 148.967625 2 0.044250000000005)
 , (Not 149.0789875 1 0.043512499999991)
 , (Not 149.16675 2 0.043512499999991)
 , (Not 149.25525 1 0.044250000000005)
 , (Not 149.3444875 3 0.043512499999991)
 , (Not 149.4433125 2 0.044250000000005)
 , (Not 149.5436125 1 0.044250000000005)
 , (Not 149.624 1 0.044250000000005)
 , (Not 149.624 4 0.044250000000005)
 , (Not 149.705125 2 0.044250000000005)
 , (Not 149.7869875 3 0.044250000000005)
 , (Not 150.45 4 0.044250000000005)
 , (Not 150.627 4 0.044250000000005)
 , (Not 150.7826125 3 0.041300000000007)
 , (Not 150.7826125 4 0.041300000000007)
 , (Not 151.335 3 0.043512499999991)
 , (Not 151.335 4 0.043512499999991)
 , (Not 151.6882625 4 0.043512499999991)
 , (Not 151.866 4 0.044250000000005)
 , (Not 152.043 4 0.044250000000005)
 , (Not 152.22 4 0.043512499999991)
 , (Not 152.397 4 0.043512499999991)
 , (Not 152.574 3 0.043512499999991)
 , (Not 152.574 4 0.043512499999991)
 , (Not 152.928 3 0.043512499999991)
 , (Not 152.928 4 0.043512499999991)
 , (Not 153.282 3 0.041300000000007)
 , (Not 153.282 4 0.041300000000007)
 , (Not 153.8137375 3 0.042775000000006)
 , (Not 153.8137375 4 0.042775000000006)
 , (Not 154.1677375 4 0.042775000000006)
 , (Not 154.344 4 0.043512499999991)
 , (Not 154.521 4 0.043512499999991)
 , (Not 154.698 4 0.043512499999991)
 , (Not 154.7865 3 0.043512499999991)
 , (Not 154.875 2 0.043512499999991)
 , (Not 154.9635 1 0.043512499999991)
 , (Not 155.052 4 0.043512499999991)
 , (Not 155.229 2 0.043512499999991)
 , (Not 155.229 4 0.043512499999991)
 , (Not 155.406 3 0.043512499999991)
 , (Not 155.406 4 0.043512499999991)
 , (Not 155.5822625 1 0.044250000000005)
 , (Not 155.5822625 4 0.044250000000005)
 , (Not 155.76 2 0.043512499999991)
 , (Not 155.76 4 0.043512499999991)
 , (Not 155.937 1 0.3517875)
 , (Not 155.937 4 0.3517875)
 , (Not 156.2902625 4 0.35252500000001)
 , (Not 156.645 2 0.043512499999991)
 , (Not 156.645 4 0.043512499999991)
 , (Not 156.822 3 0.043512499999991)
 , (Not 156.822 4 0.043512499999991)
 , (Not 156.999 2 0.043512499999991)
 , (Not 156.999 4 0.043512499999991)
 , (Not 157.176 1 0.043512499999991)
 , (Not 157.176 4 0.043512499999991)
 , (Not 157.3522625 0 0.043512499999991)
 , (Not 157.3522625 4 0.043512499999991)
 , (Not 157.53 4 0.043512499999991)
 , (Not 157.707 2 0.043512499999991)
 , (Not 157.707 4 0.043512499999991)
 , (Not 157.884 3 0.043512499999991)
 , (Not 157.884 4 0.043512499999991)
 , (Not 158.0617375 1 0.043512499999991)
 , (Not 158.0617375 4 0.043512499999991)
 , (Not 158.238 2 0.043512499999991)
 , (Not 158.238 4 0.043512499999991)
 , (Not 158.415 1 0.043512499999991)
 , (Not 158.415 4 0.043512499999991)
 , (Not 158.592 1 0.044250000000005)
 , (Not 158.592 4 0.044250000000005)
 , (Not 158.7682625 0 0.35252500000001)
 , (Not 158.7682625 4 0.35252500000001)
 , (Not 159.1222625 1 0.35252500000001)
 , (Not 159.1222625 4 0.35252500000001)
 , (Not 159.4762625 2 0.3532625)
 , (Not 159.4762625 4 0.3532625)
 , (Not 159.8317375 3 0.3517875)
 , (Not 159.8317375 4 0.3517875)
 , (Not 160.1857375 0 0.043512499999991)
 , (Not 160.1857375 4 0.043512499999991)
 , (Not 160.362 0 0.3517875)
 , (Not 160.362 4 0.3517875)
 , (Not 160.716 0 0.044250000000005)
 , (Not 160.716 4 0.044250000000005)
 , (Not 160.8937375 2 1.94405)
 , (Not 160.8937375 3 1.94405)
 , (Not 160.8937375 4 1.94405)
 , (Not 162.84 0 0.043512499999991)
 , (Not 162.84 4 0.043512499999991)
 , (Not 163.0177375 0 0.35104999999999)
 , (Not 163.0177375 4 0.35104999999999)
 , (Not 163.371 0 0.043512499999991)
 , (Not 163.371 4 0.043512499999991)
 , (Not 163.548 1 2.1217875)
 , (Not 163.548 3 2.1217875)
 , (Not 163.548 4 2.1217875)
 , (Not 165.672 0 0.043512499999991)
 , (Not 165.672 4 0.043512499999991)
 , (Not 165.849 0 0.35252499999999)
 , (Not 165.849 4 0.35252499999999)
 , (Not 166.2037375 0 0.042775000000006)
 , (Not 166.2037375 4 0.042775000000006)
 , (Not 166.38 0 2.1217875)
 , (Not 166.38 1 2.1217875)
 , (Not 166.38 3 2.1217875)
 , (Not 166.38 4 2.1217875)
 , (Not 168.504 0 0.043512499999991)
 , (Not 168.504 4 0.043512499999991)
 , (Not 168.6802625 0 0.3532625)
 , (Not 168.6802625 4 0.3532625)
 , (Not 169.0357375 0 0.043512499999991)
 , (Not 169.0357375 4 0.043512499999991)
 , (Not 169.212 1 2.1217875)
 , (Not 169.212 2 2.1217875)
 , (Not 169.212 3 2.1217875)
 , (Not 169.212 4 2.1217875)
 , (Not 171.336 0 0.043512499999991)
 , (Not 171.336 4 0.043512499999991)
 , (Not 171.513 0 0.35252499999999)
 , (Not 171.513 4 0.35252499999999)
 , (Not 171.8677375 0 0.042775000000006)
 , (Not 171.8677375 4 0.042775000000006)
 , (Not 172.044 2 2.1217875)
 , (Not 172.044 3 2.1217875)
 , (Not 172.044 4 2.1217875)
 , (Not 174.168 0 0.043512499999991)
 , (Not 174.168 4 0.043512499999991)
 , (Not 174.345 0 0.3517875)
 , (Not 174.345 4 0.3517875)
 , (Not 174.699 0 0.043512499999991)
 , (Not 174.699 4 0.043512499999991)
 , (Not 174.876 1 2.1217875)
 , (Not 174.876 3 2.1217875)
 , (Not 174.876 4 2.1217875)
 , (Not 177 0 0.044250000000005)
 , (Not 177 4 0.044250000000005)
 , (Not 177.177 0 0.3517875)
 , (Not 177.177 4 0.3517875)
 , (Not 177.531 0 0.044250000000005)
 , (Not 177.531 4 0.044250000000005)
 , (Not 177.708 0 2.1217875)
 , (Not 177.708 1 2.1217875)
 , (Not 177.708 3 2.1217875)
 , (Not 177.708 4 2.1217875)
 , (Not 179.832 0 0.044250000000005)
 , (Not 179.832 4 0.044250000000005)
 , (Not 180.009 0 0.3517875)
 , (Not 180.009 4 0.3517875)
 , (Not 180.363 0 0.044250000000005)
 , (Not 180.363 4 0.044250000000005)
 , (Not 180.54 1 1.7677875)
 , (Not 180.54 2 1.7677875)
 , (Not 180.54 3 1.7677875)
 , (Not 180.54 4 1.7677875)
 , (Not 182.31 0 0.043512499999991)
 , (Not 182.31 4 0.043512499999991)
 , (Not 182.4877375 0 0.043512499999991)
 , (Not 182.4877375 4 0.043512499999991)
 , (Not 182.664 1 0.52878749999999)
 , (Not 182.664 2 0.52878749999999)
 , (Not 182.664 3 0.52878749999999)
 , (Not 182.664 4 0.52878749999999)
 , (Not 183.195 0 0.52878749999999)
 , (Not 183.195 2 0.52878749999999)
 , (Not 183.195 3 0.52878749999999)
 , (Not 183.195 4 0.52878749999999)
 , (Not 183.726 0 0.52952500000001)
 , (Not 183.726 1 0.52952500000001)
 , (Not 183.726 3 0.52952500000001)
 , (Not 183.726 4 0.52952500000001)
 , (Not 184.2577375 1 0.52805000000001)
 , (Not 184.2577375 2 0.52805000000001)
 , (Not 184.2577375 3 0.52805000000001)
 , (Not 184.2577375 4 0.52805000000001)
 , (Not 184.788 0 0.3517875)
 , (Not 184.788 2 0.3517875)
 , (Not 184.788 3 0.3517875)
 , (Not 184.788 4 0.3517875)
 , (Not 185.142 0 0.3517875)
 , (Not 185.142 1 0.3517875)
 , (Not 185.142 3 0.3517875)
 , (Not 185.142 4 0.3517875)
 , (Not 185.496 0 0.043512499999991)
 , (Not 185.496 4 0.043512499999991)
 , (Not 185.673 0 0.3517875)
 , (Not 185.673 4 0.3517875)
 , (Not 186.027 0 0.043512499999991)
 , (Not 186.027 4 0.043512499999991)
 , (Not 186.204 2 0.70578750000001)
 , (Not 186.204 3 0.70578750000001)
 , (Not 186.204 4 0.70578750000001)
 , (Not 186.912 2 0.043512499999991)
 , (Not 186.912 4 0.043512499999991)
 , (Not 187.0882625 2 0.52952500000001)
 , (Not 187.0882625 3 0.52952500000001)
 , (Not 187.0882625 4 0.52952500000001)
 , (Not 187.62 2 0.043512499999991)
 , (Not 187.62 3 0.043512499999991)
 , (Not 187.62 4 0.043512499999991)
 , (Not 187.7962625 2 0.043512499999991)
 , (Not 187.7962625 4 0.043512499999991)
 , (Not 187.974 2 0.3517875)
 , (Not 187.974 3 0.3517875)
 , (Not 187.974 4 0.3517875)
 , (Not 188.328 0 0.043512499999991)
 , (Not 188.328 4 0.043512499999991)
 , (Not 188.5042625 0 0.3517875)
 , (Not 188.5042625 4 0.3517875)
 , (Not 188.8582625 0 0.044250000000005)
 , (Not 188.8582625 4 0.044250000000005)
 , (Not 189.036 1 0.88352499999999)
 , (Not 189.036 3 0.88352499999999)
 , (Not 189.036 4 0.88352499999999)
 , (Not 189.9217375 1 0.52805000000001)
 , (Not 189.9217375 2 0.52805000000001)
 , (Not 189.9217375 4 0.52805000000001)
 , (Not 190.452 1 0.70578750000001)
 , (Not 190.452 2 0.70578750000001)
 , (Not 190.452 4 0.70578750000001)
 , (Not 191.16 0 0.043512499999991)
 , (Not 191.16 4 0.043512499999991)
 , (Not 191.337 0 0.3517875)
 , (Not 191.337 4 0.3517875)
 , (Not 191.6902625 0 0.043512499999991)
 , (Not 191.6902625 1 0.043512499999991)
 , (Not 191.6902625 3 0.043512499999991)
 , (Not 191.6902625 4 0.043512499999991)
 , (Not 191.7795 0 0.042775000000006)
 , (Not 191.7795 1 0.042775000000006)
 , (Not 191.7795 3 0.042775000000006)
 , (Not 191.7795 4 0.042775000000006)
 , (Not 191.868 0 0.88352499999999)
 , (Not 191.868 1 0.88352499999999)
 , (Not 191.868 3 0.88352499999999)
 , (Not 191.868 4 0.88352499999999)
 , (Not 192.7537375 0 0.52805000000001)
 , (Not 192.7537375 2 0.52805000000001)
 , (Not 192.7537375 4 0.52805000000001)
 , (Not 193.284 0 0.3517875)
 , (Not 193.284 1 0.3517875)
 , (Not 193.284 4 0.3517875)
 , (Not 193.638 0 0.043512499999991)
 , (Not 193.638 4 0.043512499999991)
 , (Not 193.815 0 0.043512499999991)
 , (Not 193.815 4 0.043512499999991)
 , (Not 193.992 1 0.52952500000001)
 , (Not 193.992 2 0.52952500000001)
 , (Not 193.992 3 0.52952500000001)
 , (Not 193.992 4 0.52952500000001)
 , (Not 194.5237375 0 0.52805000000001)
 , (Not 194.5237375 2 0.52805000000001)
 , (Not 194.5237375 3 0.52805000000001)
 , (Not 194.5237375 4 0.52805000000001)
 , (Not 195.054 0 0.52878749999999)
 , (Not 195.054 1 0.52878749999999)
 , (Not 195.054 3 0.52878749999999)
 , (Not 195.054 4 0.52878749999999)
 , (Not 195.5842625 1 0.52952500000001)
 , (Not 195.5842625 2 0.52952500000001)
 , (Not 195.5842625 3 0.52952500000001)
 , (Not 195.5842625 4 0.52952500000001)
 , (Not 196.116 0 0.3517875)
 , (Not 196.116 2 0.3517875)
 , (Not 196.116 3 0.3517875)
 , (Not 196.116 4 0.3517875)
 , (Not 196.47 0 0.3517875)
 , (Not 196.47 1 0.3517875)
 , (Not 196.47 3 0.3517875)
 , (Not 196.47 4 0.3517875)
 , (Not 196.824 0 0.044250000000005)
 , (Not 196.824 4 0.044250000000005)
 , (Not 197.001 3 0.044250000000005)
 , (Not 197.001 4 0.044250000000005)
 , (Not 197.178 4 0.044250000000005)
 , (Not 197.355 1 0.3517875)
 , (Not 197.355 4 0.3517875)
 , (Not 197.709 3 0.044250000000005)
 , (Not 197.709 4 0.044250000000005)
 , (Not 197.886 4 0.3517875)
 , (Not 198.24 2 0.044250000000005)
 , (Not 198.24 4 0.044250000000005)
 , (Not 198.417 3 0.044250000000005)
 , (Not 198.417 4 0.044250000000005)
 , (Not 198.594 4 0.044250000000005)
 , (Not 198.7702625 1 0.35252500000001)
 , (Not 198.7702625 4 0.35252500000001)
 , (Not 199.125 3 0.043512499999991)
 , (Not 199.125 4 0.043512499999991)
 , (Not 199.302 4 0.3517875)
 , (Not 199.656 0 0.044250000000005)
 , (Not 199.656 4 0.044250000000005)
 , (Not 199.8337375 3 0.044250000000005)
 , (Not 199.8337375 4 0.044250000000005)
 , (Not 200.01 4 0.044250000000005)
 , (Not 200.1877375 2 0.3517875)
 , (Not 200.1877375 4 0.3517875)
 , (Not 200.5417375 3 0.044250000000005)
 , (Not 200.5417375 4 0.044250000000005)
 , (Not 200.718 4 0.044250000000005)
 , (Not 200.8957375 3 0.044250000000005)
 , (Not 200.8957375 4 0.044250000000005)
 , (Not 201.072 1 0.044250000000005)
 , (Not 201.072 4 0.044250000000005)
 , (Not 201.2497375 3 0.044250000000005)
 , (Not 201.2497375 4 0.044250000000005)
 , (Not 201.426 4 0.044250000000005)
 , (Not 201.6037375 2 0.3517875)
 , (Not 201.6037375 4 0.3517875)
 , (Not 201.9577375 3 0.042775000000006)
 , (Not 201.9577375 4 0.042775000000006)
 , (Not 202.134 1 0.3517875)
 , (Not 202.134 4 0.3517875)
 , (Not 202.488 0 0.043512499999991)
 , (Not 202.488 4 0.043512499999991)
 , (Not 202.6657375 3 0.043512499999991)
 , (Not 202.6657375 4 0.043512499999991)
 , (Not 202.842 4 0.044987499999991)
 , (Not 203.019 1 0.3517875)
 , (Not 203.019 4 0.3517875)
 , (Not 203.373 3 0.044250000000005)
 , (Not 203.373 4 0.044250000000005)
 , (Not 203.55 4 0.043512499999991)
 , (Not 203.7277375 3 0.043512499999991)
 , (Not 203.7277375 4 0.043512499999991)
 , (Not 203.904 2 0.043512499999991)
 , (Not 203.904 4 0.043512499999991)
 , (Not 204.0817375 3 0.042775000000006)
 , (Not 204.0817375 4 0.042775000000006)
 , (Not 204.258 4 0.043512499999991)
 , (Not 204.4357375 1 0.3517875)
 , (Not 204.4357375 4 0.3517875)
 , (Not 204.7897375 3 0.043512499999991)
 , (Not 204.7897375 4 0.043512499999991)
 , (Not 204.966 4 0.3517875)
 , (Not 205.32 0 0.043512499999991)
 , (Not 205.32 4 0.043512499999991)
 , (Not 205.4977375 3 0.043512499999991)
 , (Not 205.4977375 4 0.043512499999991)
 , (Not 205.674 4 0.044987499999991)
 , (Not 205.851 2 0.35252499999999)
 , (Not 205.851 4 0.35252499999999)
 , (Not 206.2057375 3 0.044250000000005)
 , (Not 206.2057375 4 0.044250000000005)
 , (Not 206.382 4 0.3517875)
 , (Not 206.736 1 0.043512499999991)
 , (Not 206.736 4 0.043512499999991)
 , (Not 206.913 3 0.043512499999991)
 , (Not 206.913 4 0.043512499999991)
 , (Not 207.09 4 0.043512499999991)
 , (Not 207.2662625 2 0.3532625)
 , (Not 207.2662625 4 0.3532625)
 , (Not 207.6217375 3 0.043512499999991)
 , (Not 207.6217375 4 0.043512499999991)
 , (Not 207.798 1 0.3517875)
 , (Not 207.798 4 0.3517875)
 , (Not 208.152 0 0.044250000000005)
 , (Not 208.152 4 0.044250000000005)
 , (Not 208.329 3 0.044250000000005)
 , (Not 208.329 4 0.044250000000005)
 , (Not 208.506 4 0.044250000000005)
 , (Not 208.683 1 0.35252500000001)
 , (Not 208.683 4 0.35252500000001)
 , (Not 209.0377375 3 0.042775000000006)
 , (Not 209.0377375 4 0.042775000000006)
 , (Not 209.214 4 0.043512499999991)
 , (Not 209.391 3 0.043512499999991)
 , (Not 209.391 4 0.043512499999991)
 , (Not 209.568 2 0.043512499999991)
 , (Not 209.568 4 0.043512499999991)
 , (Not 209.7442625 3 0.043512499999991)
 , (Not 209.7442625 4 0.043512499999991)
 , (Not 209.922 4 0.043512499999991)
 , (Not 210.0997375 1 0.3517875)
 , (Not 210.0997375 4 0.3517875)
 , (Not 210.4537375 3 0.042775000000006)
 , (Not 210.4537375 4 0.042775000000006)
 , (Not 210.63 4 0.043512499999991)
 , (Not 210.807 3 0.043512499999991)
 , (Not 210.807 4 0.043512499999991)
 , (Not 210.984 0 0.043512499999991)
 , (Not 210.984 4 0.043512499999991)
 , (Not 211.1617375 3 0.043512499999991)
 , (Not 211.1617375 4 0.043512499999991)
 , (Not 211.338 4 0.044987499999991)
 , (Not 211.515 2 0.3517875)
 , (Not 211.515 4 0.3517875)
 , (Not 211.869 3 0.043512499999991)
 , (Not 211.869 4 0.043512499999991)
 , (Not 212.046 4 0.3517875)
 , (Not 212.4 1 0.043512499999991)
 , (Not 212.4 4 0.043512499999991)
 , (Not 212.577 3 0.043512499999991)
 , (Not 212.577 4 0.043512499999991)
 , (Not 212.754 4 0.043512499999991)
 , (Not 212.931 2 0.3517875)
 , (Not 212.931 4 0.3517875)
 , (Not 213.285 3 0.043512499999991)
 , (Not 213.285 4 0.043512499999991)
 , (Not 213.462 1 0.3517875)
 , (Not 213.462 4 0.3517875)
 , (Not 213.816 0 0.043512499999991)
 , (Not 213.816 4 0.043512499999991)
 , (Not 213.993 3 0.043512499999991)
 , (Not 213.993 4 0.043512499999991)
 , (Not 214.17 4 0.043512499999991)
 , (Not 214.347 1 0.35252499999999)
 , (Not 214.347 4 0.35252499999999)
 , (Not 214.7017375 3 0.043512499999991)
 , (Not 214.7017375 4 0.043512499999991)
 , (Not 214.878 4 0.043512499999991)
 , (Not 215.0557375 3 0.043512499999991)
 , (Not 215.0557375 4 0.043512499999991)
 , (Not 215.232 2 0.043512499999991)
 , (Not 215.232 4 0.043512499999991)
 , (Not 215.409 3 0.043512499999991)
 , (Not 215.409 4 0.043512499999991)
 , (Not 215.586 4 0.043512499999991)
 , (Not 215.7637375 1 0.3517875)
 , (Not 215.7637375 4 0.3517875)
 , (Not 216.1177375 3 0.042775000000006)
 , (Not 216.1177375 4 0.042775000000006)
 , (Not 216.294 4 0.3517875)
 , (Not 216.648 0 0.043512499999991)
 , (Not 216.648 4 0.043512499999991)
 , (Not 216.825 3 0.043512499999991)
 , (Not 216.825 4 0.043512499999991)
 , (Not 217.002 4 0.043512499999991)
 , (Not 217.179 2 0.3517875)
 , (Not 217.179 4 0.3517875)
 , (Not 217.533 3 0.043512499999991)
 , (Not 217.533 4 0.043512499999991)
 , (Not 217.71 4 0.043512499999991)
 , (Not 217.8877375 3 0.043512499999991)
 , (Not 217.8877375 4 0.043512499999991)
 , (Not 218.064 1 0.043512499999991)
 , (Not 218.064 4 0.043512499999991)
 , (Not 218.2402625 3 0.043512499999991)
 , (Not 218.2402625 4 0.043512499999991)
 , (Not 218.418 4 0.043512499999991)
 , (Not 218.595 1 0.3517875)
 , (Not 218.595 4 0.3517875)
 , (Not 218.9482625 1 0.043512499999991)
 , (Not 218.9482625 2 0.043512499999991)
 , (Not 218.9482625 3 0.043512499999991)
 , (Not 218.9482625 4 0.043512499999991)
 , (Not 219.2152375 1 0.043512499999991)
 , (Not 219.2152375 2 0.043512499999991)
 , (Not 219.2152375 3 0.043512499999991)
 , (Not 219.2152375 4 0.043512499999991)
 , (Not 219.48 1 2.4757875)
 , (Not 219.48 2 2.4757875)
 , (Not 219.48 4 2.4757875)
 , (Not 221.958 1 0.043512499999991)
 , (Not 221.958 2 0.043512499999991)
 , (Not 221.958 4 0.043512499999991)
 , (Not 222.1357375 1 0.043512499999991)
 , (Not 222.1357375 2 0.043512499999991)
 , (Not 222.1357375 4 0.043512499999991)
 , (Not 222.312 1 1.0597875)
 , (Not 222.312 2 1.0597875)
 , (Not 222.312 4 1.0597875)
 , (Not 223.374 1 0.3517875)
 , (Not 223.374 2 0.3517875)
 , (Not 223.374 4 0.3517875)
 , (Not 223.728 1 1.0597875)
 , (Not 223.728 2 1.0597875)
 , (Not 223.728 4 1.0597875)
 , (Not 224.79 1 0.3517875)
 , (Not 224.79 2 0.3517875)
 , (Not 224.79 4 0.3517875)
 , (Not 225.144 1 0.3517875)
 , (Not 225.144 2 0.3517875)
 , (Not 225.144 3 0.3517875)
 , (Not 225.144 4 0.3517875)
 , (Not 225.498 1 0.3517875)
 , (Not 225.498 2 0.3517875)
 , (Not 225.498 3 0.3517875)
 , (Not 225.498 4 0.3517875)
 , (Not 225.852 1 0.3517875)
 , (Not 225.852 2 0.3517875)
 , (Not 225.852 3 0.3517875)
 , (Not 225.852 4 0.3517875)
 , (Not 226.206 1 0.3517875)
 , (Not 226.206 2 0.3517875)
 , (Not 226.206 3 0.3517875)
 , (Not 226.206 4 0.3517875)
 , (Not 226.56 0 0.3517875)
 , (Not 226.56 2 0.3517875)
 , (Not 226.56 3 0.3517875)
 , (Not 226.56 4 0.3517875)
 , (Not 226.914 0 0.3517875)
 , (Not 226.914 2 0.3517875)
 , (Not 226.914 3 0.3517875)
 , (Not 226.914 4 0.3517875)
 , (Not 227.268 0 0.3517875)
 , (Not 227.268 2 0.3517875)
 , (Not 227.268 3 0.3517875)
 , (Not 227.268 4 0.3517875)
 , (Not 227.622 1 0.70578750000001)
 , (Not 227.622 2 0.70578750000001)
 , (Not 227.622 4 0.70578750000001)
 , (Not 228.33 1 0.3517875)
 , (Not 228.33 2 0.3517875)
 , (Not 228.33 4 0.3517875)
 , (Not 228.684 1 0.3517875)
 , (Not 228.684 2 0.3517875)
 , (Not 228.684 4 0.3517875)
 , (Not 229.038 1 0.3517875)
 , (Not 229.038 2 0.3517875)
 , (Not 229.038 4 0.3517875)
 , (Not 229.392 1 0.3517875)
 , (Not 229.392 2 0.3517875)
 , (Not 229.392 3 0.3517875)
 , (Not 229.392 4 0.3517875)
 , (Not 229.746 1 0.3517875)
 , (Not 229.746 2 0.3517875)
 , (Not 229.746 3 0.3517875)
 , (Not 229.746 4 0.3517875)
 , (Not 230.1 1 0.3517875)
 , (Not 230.1 2 0.3517875)
 , (Not 230.1 3 0.3517875)
 , (Not 230.1 4 0.3517875)
 , (Not 230.454 1 0.3517875)
 , (Not 230.454 2 0.3517875)
 , (Not 230.454 3 0.3517875)
 , (Not 230.454 4 0.3517875)
 , (Not 230.808 0 0.3517875)
 , (Not 230.808 2 0.3517875)
 , (Not 230.808 3 0.3517875)
 , (Not 230.808 4 0.3517875)
 , (Not 231.162 0 0.3517875)
 , (Not 231.162 2 0.3517875)
 , (Not 231.162 3 0.3517875)
 , (Not 231.162 4 0.3517875)
 , (Not 231.516 0 0.3517875)
 , (Not 231.516 2 0.3517875)
 , (Not 231.516 3 0.3517875)
 , (Not 231.516 4 0.3517875)
 , (Not 231.87 0 0.3517875)
 , (Not 231.87 2 0.3517875)
 , (Not 231.87 3 0.3517875)
 , (Not 231.87 4 0.3517875)
 , (Not 232.224 1 0.3517875)
 , (Not 232.224 2 0.3517875)
 , (Not 232.224 3 0.3517875)
 , (Not 232.224 4 0.3517875)
 , (Not 232.578 1 0.3517875)
 , (Not 232.578 2 0.3517875)
 , (Not 232.578 3 0.3517875)
 , (Not 232.578 4 0.3517875)
 , (Not 232.932 1 0.3517875)
 , (Not 232.932 2 0.3517875)
 , (Not 232.932 3 0.3517875)
 , (Not 232.932 4 0.3517875)
 , (Not 233.286 1 0.3517875)
 , (Not 233.286 2 0.3517875)
 , (Not 233.286 3 0.3517875)
 , (Not 233.286 4 0.3517875)
 , (Not 233.64 0 0.043512499999991)
 , (Not 233.64 1 0.043512499999991)
 , (Not 233.64 4 0.043512499999991)
 , (Not 233.8162625 0 0.3517875)
 , (Not 233.8162625 1 0.3517875)
 , (Not 233.8162625 4 0.3517875)
 , (Not 234.1702625 0 0.043512499999991)
 , (Not 234.1702625 1 0.043512499999991)
 , (Not 234.1702625 4 0.043512499999991)
 , (Not 234.348 2 13.4497875)
 , (Not 234.348 3 13.4497875)
 , (Not 234.348 4 13.4497875)
 , (Not 247.8 0 1.0597875)
 , (Not 247.8 4 1.060525)
 , (Not 248.154 2 0.70726250000004)
 , (Not 248.508 3 0.35326250000003)
 , (Not 248.862 0 0.044250000000005)
 , (Not 248.862 4 0.044250000000005)
 , (Not 249.039 1 1.239)
 , (Not 249.039 4 1.2825125)
 , (Not 249.57 3 0.70800000000003)
 , (Not 250.455 2 0.043512499999991)
 , (Not 250.455 4 0.043512499999991)
 , (Not 250.632 3 0.043512499999991)
 , (Not 250.632 4 0.043512499999991)
 , (Not 250.809 1 0.043512499999991)
 , (Not 250.809 4 0.043512499999991)
 , (Not 250.986 2 1.7677875)
 , (Not 250.986 4 1.7677875)
 , (Not 252.756 1 1.23605)
 , (Not 252.756 4 1.23605)
 , (Not 253.9942625 1 1.2397375)
 , (Not 253.9942625 4 2.3459875000001)
 , (Not 254.526 3 0.70800000000003)
 , (Not 255.234 0 1.0597875)
 , (Not 255.588 2 0.70800000000006)
 , (Not 255.942 3 0.35326250000003)
 , (Not 256.296 0 0.044249999999977)
 , (Not 256.473 1 1.9470000000001)
 , (Not 256.473 4 1.9905125000001)
 , (Not 257.004 3 1.4137875000001)
 , (Not 258.5977375 2 0.04351250000002)
 , (Not 258.5977375 4 0.04351250000002)
 , (Not 258.774 3 0.04351250000002)
 , (Not 258.774 4 0.04351250000002)
 , (Not 258.9502625 1 0.044249999999977)
 , (Not 258.9502625 4 0.044249999999977)
 , (Not 259.128 2 1.5465375)
 , (Not 259.128 4 1.5465375)
 , (Not 260.67675 3 0.04351250000002)
 , (Not 260.67675 4 0.04351250000002)
 , (Not 260.7866375 2 0.04351250000002)
 , (Not 260.898 1 1.2367875)
 , (Not 262.137 1 1.2382625)
 , (Not 262.137 4 2.3445125)
 , (Not 262.668 3 0.70726250000001)
 , (Not 263.376 0 1.0597875)
 , (Not 263.73 2 0.70799999999997)
 , (Not 264.084 3 0.35399999999998)
 , (Not 264.438 0 0.04351250000002)
 , (Not 264.615 1 1.2382625)
 , (Not 264.615 4 1.237525)
 , (Not 265.146 3 0.70726250000001)
 , (Not 265.854 4 0.044249999999977)
 , (Not 266.031 2 0.044249999999977)
 , (Not 266.031 4 0.044249999999977)
 , (Not 266.208 3 0.04351250000002)
 , (Not 266.208 4 0.04351250000002)
 , (Not 266.385 1 0.04351250000002)
 , (Not 266.385 4 0.04351250000002)
 , (Not 266.562 2 0.04351250000002)
 , (Not 266.562 4 0.04351250000002)
 , (Not 266.739 0 0.3517875)
 , (Not 266.739 4 0.3517875)
 , (Not 267.093 1 4.4213125)
 , (Not 267.093 4 4.4213125)
 , (Not 271.518 0 1.0597875)
 , (Not 271.518 4 1.062)
 , (Not 271.872 2 0.70799999999997)
 , (Not 272.226 3 0.35399999999998)
 , (Not 272.58 0 0.04351250000002)
 , (Not 272.58 4 0.04351250000002)
 , (Not 272.7562625 1 1.239)
 , (Not 272.7562625 4 2.34525)
 , (Not 273.288 3 0.70800000000003)
 , (Not 273.996 0 1.0597875)
 , (Not 274.35 2 0.70800000000003)
 , (Not 274.704 3 0.35326250000003)
 , (Not 275.058 0 0.04351250000002)
 , (Not 275.2357375 1 1.2382625)
 , (Not 275.2357375 4 2.3002625)
 , (Not 275.766 3 0.70799999999997)
 , (Not 276.474 0 1.0597875)
 , (Not 276.828 2 0.70800000000003)
 , (Not 277.182 3 0.35326250000003)
 , (Not 277.536 0 0.04351250000002)
 , (Not 277.536 4 0.04351250000002)
 , (Not 277.713 1 1.2382625)
 , (Not 277.713 4 2.3445125)
 , (Not 278.244 3 0.70800000000003)
 , (Not 278.952 0 1.0597875)
 , (Not 279.306 2 0.70799999999997)
 , (Not 279.66 3 0.35399999999998)
 , (Not 280.014 0 0.04351250000002)
 , (Not 280.191 1 1.239)
 , (Not 280.191 4 1.239)
 , (Not 280.722 3 0.70800000000003)
 , (Not 281.43 0 1.0597875)
 , (Not 281.43 4 1.060525)
 , (Not 281.784 2 0.70726250000001)
 , (Not 282.138 3 0.35326250000003)
 , (Not 282.492 0 0.044249999999977)
 , (Not 282.492 4 0.044249999999977)
 , (Not 282.6682625 1 1.945525)
 , (Not 282.6682625 4 1.945525)
 , (Not 283.2 3 1.4137875000001)
 , (Not 284.616 4 0.04351250000002)
 , (Not 284.793 2 0.04351250000002)
 , (Not 284.793 4 0.04351250000002)
 , (Not 284.97 3 0.04351250000002)
 , (Not 284.97 4 0.04351250000002)
 , (Not 285.147 1 0.04351250000002)
 , (Not 285.147 4 0.04351250000002)
 , (Not 285.324 2 0.04351250000002)
 , (Not 285.324 4 0.04351250000002)
 , (Not 285.501 1 0.35252500000001)
 , (Not 285.501 4 0.35252500000001)
 , (Not 285.8557375 4 0.35105000000004)
 , (Not 286.2082625 2 0.04351250000002)
 , (Not 286.2082625 4 0.04351250000002)
 , (Not 286.386 3 0.04351250000002)
 , (Not 286.386 4 0.04351250000002)
 , (Not 286.563 2 0.04351250000002)
 , (Not 286.563 4 0.04351250000002)
 , (Not 286.74 1 0.04351250000002)
 , (Not 286.74 4 0.04351250000002)
 , (Not 286.9177375 0 0.042775000000006)
 , (Not 286.9177375 4 0.042775000000006)
 , (Not 287.094 4 0.044249999999977)
 , (Not 287.271 2 0.044249999999977)
 , (Not 287.271 4 0.044249999999977)
 , (Not 287.448 3 0.04351250000002)
 , (Not 287.448 4 0.04351250000002)
 , (Not 287.625 1 0.04351250000002)
 , (Not 287.625 4 0.04351250000002)
 , (Not 287.802 2 0.044249999999977)
 , (Not 287.802 4 0.044249999999977)
 , (Not 287.9797375 1 0.04351250000002)
 , (Not 287.9797375 4 0.04351250000002)
 , (Not 288.156 1 0.044249999999977)
 , (Not 288.156 4 0.044249999999977)
 , (Not 288.333 0 0.3517875)
 , (Not 288.333 4 0.3517875)
 , (Not 288.687 1 0.35252499999996)
 , (Not 288.687 4 0.35252499999996)
 , (Not 289.0417375 2 0.35105000000004)
 , (Not 289.0417375 4 0.35105000000004)
 , (Not 289.395 3 0.3517875)
 , (Not 289.395 4 0.3517875)
 , (Not 289.749 0 0.044249999999977)
 , (Not 289.749 4 0.044249999999977)
 , (Not 289.926 0 0.3517875)
 , (Not 289.926 4 0.3517875)
 , (Not 290.28 0 0.044249999999977)
 , (Not 290.28 4 0.044249999999977)
 , (Not 290.457 2 7.2562625)
 , (Not 290.457 3 7.2562625)
 , (Not 290.457 4 7.2562625)]