[
  (Not 9.47367 3 0.065789375)
 , (Not 9.47367 4 0.065789375)
 , (Not 9.999985 4 0.066885864583334)
 , (Not 10.26643196875 3 0.063596395833333)
 , (Not 10.26643196875 4 0.063596395833333)
 , (Not 10.79274696875 3 0.064692885416667)
 , (Not 10.79274696875 4 0.064692885416667)
 , (Not 11.3157725 3 0.064692885416667)
 , (Not 11.3157725 4 0.064692885416667)
 , (Not 11.83221909375 4 0.067982354166666)
 , (Not 12.105245 3 0.065789375)
 , (Not 12.105245 4 0.065789375)
 , (Not 12.63156 3 0.064692885416667)
 , (Not 12.63156 4 0.064692885416667)
 , (Not 13.157875 3 0.065789375)
 , (Not 13.157875 4 0.065789375)
 , (Not 13.68419 3 0.065789375)
 , (Not 13.68419 4 0.065789375)
 , (Not 14.210505 4 0.064692885416667)
 , (Not 14.474758989583 4 0.064692885416667)
 , (Not 14.73682 3 0.064692885416667)
 , (Not 14.73682 4 0.064692885416667)
 , (Not 15.263135 4 0.064692885416667)
 , (Not 15.527388989583 3 0.064692885416667)
 , (Not 15.527388989583 4 0.064692885416667)
 , (Not 16.054800479167 3 0.065789375000001)
 , (Not 16.054800479167 4 0.065789375000001)
 , (Not 16.5789225 3 0.065789375000001)
 , (Not 16.5789225 4 0.065789375000001)
 , (Not 17.1052375 4 0.065789375000001)
 , (Not 17.368395 3 0.064692885416665)
 , (Not 17.368395 4 0.064692885416665)
 , (Not 17.89471 3 0.063596395833333)
 , (Not 17.89471 4 0.063596395833333)
 , (Not 18.421025 3 0.064692885416665)
 , (Not 18.421025 4 0.064692885416665)
 , (Not 18.94734 3 0.064692885416665)
 , (Not 18.94734 4 0.064692885416665)
 , (Not 19.473655 4 0.065789375000001)
 , (Not 19.735716010417 4 0.065789375000001)
 , (Not 19.99997 3 0.063596395833333)
 , (Not 19.99997 4 0.063596395833333)
 , (Not 20.526285 4 0.065789375000001)
 , (Not 20.788346010417 3 0.065789375000001)
 , (Not 20.788346010417 4 0.065789375000001)
 , (Not 21.314661010417 3 0.065789375000001)
 , (Not 21.314661010417 4 0.065789375000001)
 , (Not 21.840976010417 3 0.065789375000001)
 , (Not 21.840976010417 4 0.065789375000001)
 , (Not 22.367291010417 4 0.065789375000001)
 , (Not 22.631545 3 0.065789375000001)
 , (Not 22.631545 4 0.065789375000001)
 , (Not 23.15786 3 0.064692885416665)
 , (Not 23.15786 4 0.064692885416665)
 , (Not 23.684175 3 0.064692885416665)
 , (Not 23.684175 4 0.064692885416665)
 , (Not 24.21049 3 0.065789375000001)
 , (Not 24.21049 4 0.065789375000001)
 , (Not 24.736805 4 0.064692885416665)
 , (Not 25.001058989583 4 0.064692885416665)
 , (Not 25.26312 3 0.064692885416665)
 , (Not 25.26312 4 0.064692885416665)
 , (Not 25.789435 4 0.065789375000001)
 , (Not 26.0525925 3 0.065789375000001)
 , (Not 26.0525925 4 0.065789375000001)
 , (Not 26.5789075 3 0.065789375000001)
 , (Not 26.5789075 4 0.065789375000001)
 , (Not 27.1052225 3 0.065789375000001)
 , (Not 27.1052225 4 0.065789375000001)
 , (Not 27.6315375 4 0.065789375000001)
 , (Not 27.894695 3 0.064692885416665)
 , (Not 27.894695 4 0.064692885416665)
 , (Not 28.42101 3 0.065789375000001)
 , (Not 28.42101 4 0.065789375000001)
 , (Not 28.947325 3 0.065789375000001)
 , (Not 28.947325 4 0.065789375000001)
 , (Not 29.47364 3 0.065789375000001)
 , (Not 29.47364 4 0.065789375000001)
 , (Not 29.999955 4 0.064692885416665)
 , (Not 30.264208989583 4 0.064692885416665)
 , (Not 30.52627 3 0.063596395833333)
 , (Not 30.52627 4 0.063596395833333)
 , (Not 31.052585 4 0.064692885416665)
 , (Not 31.314646010417 3 0.064692885416665)
 , (Not 31.314646010417 4 0.064692885416665)
 , (Not 31.843153989583 3 0.063596395833333)
 , (Not 31.843153989583 4 0.063596395833333)
 , (Not 32.3683725 3 0.063596395833336)
 , (Not 32.3683725 4 0.063596395833336)
 , (Not 32.893591010417 4 0.064692885416669)
 , (Not 33.157845 3 0.064692885416669)
 , (Not 33.157845 4 0.064692885416669)
 , (Not 33.68416 3 0.064692885416669)
 , (Not 33.68416 4 0.064692885416669)
 , (Not 34.210475 3 0.065789375000001)
 , (Not 34.210475 4 0.065789375000001)
 , (Not 34.73679 3 0.063596395833336)
 , (Not 34.73679 4 0.063596395833336)
 , (Not 35.263105 4 0.063596395833336)
 , (Not 35.5262625 4 0.063596395833336)
 , (Not 35.78942 3 0.065789375000001)
 , (Not 35.78942 4 0.065789375000001)
 , (Not 36.315735 4 0.064692885416669)
 , (Not 36.579988989583 3 0.064692885416669)
 , (Not 36.579988989583 4 0.064692885416669)
 , (Not 37.1052075 3 0.065789375000001)
 , (Not 37.1052075 4 0.065789375000001)
 , (Not 37.632618989583 3 0.064692885416669)
 , (Not 37.632618989583 4 0.064692885416669)
 , (Not 38.1578375 4 0.065789375000001)
 , (Not 38.420995 3 0.064692885416669)
 , (Not 38.420995 4 0.064692885416669)
 , (Not 38.94731 3 0.065789375000001)
 , (Not 38.94731 4 0.065789375000001)
 , (Not 39.473625 3 0.064692885416669)
 , (Not 39.473625 4 0.064692885416669)
 , (Not 39.99994 3 0.063596395833336)
 , (Not 39.99994 4 0.063596395833336)
 , (Not 40.526255 4 0.065789375000001)
 , (Not 40.790508989583 4 0.065789375000001)
 , (Not 41.05257 3 0.065789375000001)
 , (Not 41.05257 4 0.065789375000001)
 , (Not 41.578885 4 0.065789375000001)
 , (Not 41.840946010417 3 0.065789375000001)
 , (Not 41.840946010417 4 0.065789375000001)
 , (Not 42.3683575 3 0.065789375000001)
 , (Not 42.3683575 4 0.065789375000001)
 , (Not 42.895768989583 3 0.065789375000001)
 , (Not 42.895768989583 4 0.065789375000001)
 , (Not 43.419891010417 4 0.065789375000001)
 , (Not 43.684145 3 0.064692885416669)
 , (Not 43.684145 4 0.064692885416669)
 , (Not 44.21046 3 0.064692885416669)
 , (Not 44.21046 4 0.064692885416669)
 , (Not 44.736775 3 0.065789375000001)
 , (Not 44.736775 4 0.065789375000001)
 , (Not 45.26309 3 0.064692885416669)
 , (Not 45.26309 4 0.064692885416669)
 , (Not 45.789405 4 0.065789375000001)
 , (Not 46.0525625 4 0.065789375000001)
 , (Not 46.31572 3 0.064692885416669)
 , (Not 46.31572 4 0.064692885416669)
 , (Not 46.842035 4 0.064692885416669)
 , (Not 47.106288989583 3 0.064692885416669)
 , (Not 47.106288989583 4 0.064692885416669)
 , (Not 47.6315075 3 0.064692885416669)
 , (Not 47.6315075 4 0.064692885416669)
 , (Not 48.1578225 3 0.064692885416669)
 , (Not 48.1578225 4 0.064692885416669)
 , (Not 48.6841375 4 0.064692885416669)
 , (Not 48.947295 3 0.064692885416669)
 , (Not 48.947295 4 0.064692885416669)
 , (Not 49.47361 3 0.065789375000001)
 , (Not 49.47361 4 0.065789375000001)
 , (Not 49.999925 3 0.064692885416669)
 , (Not 49.999925 4 0.064692885416669)
 , (Not 50.52624 3 0.064692885416669)
 , (Not 50.52624 4 0.064692885416669)
 , (Not 51.052555 4 0.064692885416669)
 , (Not 51.316808989583 4 0.064692885416669)
 , (Not 51.57887 3 0.064692885416669)
 , (Not 51.57887 4 0.064692885416669)
 , (Not 52.105185 4 0.064692885416669)
 , (Not 52.367246010417 3 0.065789375000001)
 , (Not 52.367246010417 4 0.065789375000001)
 , (Not 52.8946575 3 0.064692885416669)
 , (Not 52.8946575 4 0.064692885416669)
 , (Not 53.422068989584 3 0.064692885416669)
 , (Not 53.422068989584 4 0.064692885416669)
 , (Not 53.9472875 4 0.064692885416669)
 , (Not 54.210445 3 0.064692885416669)
 , (Not 54.210445 4 0.064692885416669)
 , (Not 54.73676 3 0.064692885416669)
 , (Not 54.73676 4 0.064692885416669)
 , (Not 55.263075 3 0.065789375000001)
 , (Not 55.263075 4 0.065789375000001)
 , (Not 55.78939 3 0.063596395833336)
 , (Not 55.78939 4 0.063596395833336)
 , (Not 56.315705 4 0.064692885416669)
 , (Not 56.579958989584 4 0.064692885416669)
 , (Not 56.84202 3 0.064692885416669)
 , (Not 56.84202 4 0.064692885416669)
 , (Not 57.62162409375 3 0.067982354166666)
 , (Not 57.62162409375 4 0.067982354166666)
 , (Not 58.1578075 3 0.064692885416669)
 , (Not 58.1578075 4 0.064692885416669)
 , (Not 58.683026010417 3 0.064692885416669)
 , (Not 58.683026010417 4 0.064692885416669)
 , (Not 59.473595 3 0.064692885416669)
 , (Not 59.473595 4 0.064692885416669)
 , (Not 59.99991 3 0.064692885416669)
 , (Not 59.99991 4 0.064692885416669)
 , (Not 60.526225 3 0.064692885416669)
 , (Not 60.526225 4 0.064692885416669)
 , (Not 61.05254 3 0.064692885416669)
 , (Not 61.05254 4 0.064692885416669)
 , (Not 63.1578 4 0.065789375000001)
 , (Not 63.333238333334 1 0.065789375000001)
 , (Not 63.684115 2 0.065789375000001)
 , (Not 63.860649822917 3 0.065789375000001)
 , (Not 64.21043 1 0.064692885416662)
 , (Not 64.386964822917 2 0.064692885416662)
 , (Not 64.736745 3 0.064692885416662)
 , (Not 65.26306 3 0.064692885416662)
 , (Not 65.438498333334 1 1.31249803125)
 , (Not 66.842005 3 0.064692885416662)
 , (Not 66.842005 4 0.064692885416662)
 , (Not 67.017443333334 2 0.065789374999994)
 , (Not 67.19397815625 1 0.064692885416662)
 , (Not 68.42095 3 0.065789374999994)
 , (Not 68.42095 4 0.065789374999994)
 , (Not 68.6841075 2 0.065789374999994)
 , (Not 68.816782739583 3 0.064692885416662)
 , (Not 69.07884375 3 0.065789374999994)
 , (Not 69.07884375 4 0.065789374999994)
 , (Not 69.2104225 2 0.064692885416662)
 , (Not 69.34200125 1 0.065789374999994)
 , (Not 71.052525 4 0.52412202083329)
 , (Not 71.57884 3 0.065789374999994)
 , (Not 71.57884 4 0.065789374999994)
 , (Not 71.843093989583 2 0.064692885416662)
 , (Not 71.974672739583 3 0.064692885416662)
 , (Not 72.23673375 2 0.064692885416662)
 , (Not 72.3683125 1 0.064692885416662)
 , (Not 72.63147 4 1.0504370208333)
 , (Not 73.6841 3 0.064692885416662)
 , (Not 73.6841 4 0.064692885416662)
 , (Not 74.077739760417 3 0.065789375000008)
 , (Not 74.077739760417 4 0.065789375000008)
 , (Not 74.34199375 2 0.064692885416662)
 , (Not 74.4735725 1 0.064692885416662)
 , (Not 74.73673 1 0.39254327083333)
 , (Not 74.73673 4 0.39254327083333)
 , (Not 75.13146625 2 0.39254327083333)
 , (Not 75.13146625 4 0.39254327083333)
 , (Not 75.5262025 4 0.064692885416662)
 , (Not 75.78936 3 0.065789374999994)
 , (Not 75.78936 4 0.065789374999994)
 , (Not 76.053613989583 2 0.064692885416662)
 , (Not 76.18409625 3 0.065789374999994)
 , (Not 76.44725375 2 0.064692885416662)
 , (Not 76.579928989583 1 0.064692885416662)
 , (Not 76.84199 4 1.0504370208333)
 , (Not 77.89462 3 0.065789374999994)
 , (Not 77.89462 4 0.065789374999994)
 , (Not 78.1577775 2 0.065789374999994)
 , (Not 78.288259760416 3 0.065789374999994)
 , (Not 78.55251375 2 0.064692885416662)
 , (Not 78.682996010416 1 0.064692885416662)
 , (Not 78.94725 1 0.39254327083333)
 , (Not 78.94725 4 0.39254327083333)
 , (Not 79.34198625 2 0.39144678125)
 , (Not 79.34198625 4 0.39144678125)
 , (Not 79.735626010416 4 0.065789374999994)
 , (Not 79.99988 4 0.065789374999994)
 , (Not 80.264133989583 3 0.064692885416662)
 , (Not 80.65777375 3 0.065789374999994)
 , (Not 80.790448989583 2 0.064692885416662)
 , (Not 81.05251 1 1.0515335104167)
 , (Not 81.05251 4 1.0504370208333)
 , (Not 82.10514 4 0.064692885416662)
 , (Not 82.3682975 3 0.064692885416662)
 , (Not 82.761937260416 3 0.065789374999994)
 , (Not 82.8946125 2 0.065789374999994)
 , (Not 83.15777 2 0.39144678125)
 , (Not 83.15777 4 0.39144678125)
 , (Not 83.553602739583 3 0.39144678125)
 , (Not 83.553602739583 4 0.39144678125)
 , (Not 83.9472425 1 0.065789374999994)
 , (Not 83.9472425 4 0.065789374999994)
 , (Not 84.2104 4 0.064692885416662)
 , (Not 84.474653989583 3 0.064692885416662)
 , (Not 84.869390239583 3 0.064692885416662)
 , (Not 84.9998725 2 0.064692885416662)
 , (Not 85.26303 1 1.0515335104167)
 , (Not 85.26303 4 1.0504370208333)
 , (Not 86.31566 4 0.065789374999994)
 , (Not 86.577721010416 3 0.065789374999994)
 , (Not 86.973553749999 3 0.065789374999994)
 , (Not 87.106228989583 2 0.064692885416662)
 , (Not 87.368289999999 2 0.065789374999994)
 , (Not 87.368289999999 4 0.065789374999994)
 , (Not 87.630351010416 1 0.065789374999994)
 , (Not 87.763026249999 2 0.065789374999994)
 , (Not 88.025087260416 2 0.065789374999994)
 , (Not 88.025087260416 4 0.065789374999994)
 , (Not 88.157762499999 1 0.065789374999994)
 , (Not 88.420919999999 3 0.065789374999994)
 , (Not 88.420919999999 4 0.065789374999994)
 , (Not 88.684077499999 2 0.065789374999994)
 , (Not 88.815656249999 3 0.065789374999994)
 , (Not 89.078813749999 2 0.065789374999994)
 , (Not 89.210392499999 1 0.065789374999994)
 , (Not 89.473549999999 4 1.0504370208333)
 , (Not 90.526179999999 3 0.064692885416662)
 , (Not 90.526179999999 4 0.064692885416662)
 , (Not 90.788241010416 2 0.064692885416662)
 , (Not 90.920916249999 3 0.064692885416662)
 , (Not 91.182977260416 2 0.065789374999994)
 , (Not 91.315652499999 1 0.064692885416662)
 , (Not 91.578809999999 1 0.39254327083333)
 , (Not 91.578809999999 4 0.39254327083333)
 , (Not 91.974642739583 2 0.39035029166666)
 , (Not 91.974642739583 4 0.39035029166666)
 , (Not 92.367186010416 4 0.065789374999994)
 , (Not 92.631439999999 3 0.065789374999994)
 , (Not 92.631439999999 4 0.065789374999994)
 , (Not 92.893501010416 2 0.065789374999994)
 , (Not 93.025079760416 3 0.065789374999994)
 , (Not 93.289333749999 2 0.064692885416662)
 , (Not 93.420912499999 1 0.064692885416662)
 , (Not 93.684069999999 4 1.0504370208333)
 , (Not 94.736699999999 3 0.065789374999994)
 , (Not 94.736699999999 4 0.065789374999994)
 , (Not 95.000953989582 2 0.064692885416662)
 , (Not 95.131436249999 3 0.064692885416662)
 , (Not 95.393497260416 2 0.065789374999994)
 , (Not 95.526172499999 1 0.064692885416662)
 , (Not 95.789329999999 1 0.39144678125)
 , (Not 95.789329999999 4 0.39144678125)
 , (Not 96.184066249999 2 0.39144678125)
 , (Not 96.184066249999 4 0.39144678125)
 , (Not 96.577706010416 4 0.065789374999994)
 , (Not 96.841959999999 4 0.065789374999994)
 , (Not 97.105117499999 3 0.065789374999994)
 , (Not 97.499853749999 3 0.065789374999994)
 , (Not 97.632528989582 2 0.064692885416662)
 , (Not 97.894589999999 1 1.0515335104167)
 , (Not 97.894589999999 4 1.0504370208333)
 , (Not 98.947219999999 4 0.064692885416662)
 , (Not 99.210377499999 3 0.064692885416662)
 , (Not 99.605113749999 3 0.065789374999994)
 , (Not 99.737788989582 2 0.064692885416662)
 , (Not 99.999849999999 2 0.39144678125)
 , (Not 99.999849999999 4 0.39144678125)
 , (Not 100.39458625 3 0.39254327083333)
 , (Not 100.39458625 4 0.39254327083333)
 , (Not 100.7893225 1 0.064692885416662)
 , (Not 100.7893225 4 0.064692885416662)
 , (Not 101.05248 4 0.064692885416662)
 , (Not 101.3156375 3 0.064692885416662)
 , (Not 101.71037375 3 0.064692885416662)
 , (Not 101.84304898958 2 0.064692885416662)
 , (Not 102.10511 1 1.0515335104167)
 , (Not 102.10511 4 1.0504370208333)
 , (Not 103.15774 4 0.065789374999994)
 , (Not 103.4208975 3 0.065789374999994)
 , (Not 103.82111619792 3 0.067982354166674)
 , (Not 103.95817739583 2 0.062499906249997)
 , (Not 104.21037 2 0.39035029166666)
 , (Not 104.21037 4 0.39035029166666)
 , (Not 104.60510625 3 0.39144678125)
 , (Not 104.60510625 4 0.39144678125)
 , (Not 104.9998425 1 0.065789374999994)
 , (Not 104.9998425 4 0.065789374999994)
 , (Not 105.263 1 0.39363976041666)
 , (Not 105.263 4 0.39254327083333)
 , (Not 105.65773625 2 0.32785038541667)
 , (Not 105.65773625 4 0.32675389583333)
 , (Not 105.986683125 3 0.32785038541667)
 , (Not 105.986683125 4 0.32675389583333)
 , (Not 106.31563 4 1.0515335104167)
 , (Not 107.6314175 1 0.065789374999994)
 , (Not 107.6314175 4 0.065789374999994)
 , (Not 107.894575 2 0.064692885416662)
 , (Not 107.894575 4 0.064692885416662)
 , (Not 108.15882898958 3 0.064692885416662)
 , (Not 108.15882898958 4 0.064692885416662)
 , (Not 108.947205 3 0.52302553125)
 , (Not 109.47352 1 0.39363976041666)
 , (Not 109.47352 4 0.39363976041666)
 , (Not 109.86935273958 2 0.32675389583333)
 , (Not 109.86935273958 4 0.32565740625)
 , (Not 110.197203125 3 0.32785038541667)
 , (Not 110.197203125 4 0.32675389583333)
 , (Not 110.52615 4 0.064692885416662)
 , (Not 110.7893075 4 0.064692885416662)
 , (Not 111.052465 4 0.064692885416662)
 , (Not 111.18404375 2 0.39144678125)
 , (Not 111.84084101042 1 0.064692885416662)
 , (Not 111.84084101042 4 0.064692885416662)
 , (Not 112.105095 2 0.065789374999994)
 , (Not 112.105095 4 0.065789374999994)
 , (Not 112.3682525 3 0.065789374999994)
 , (Not 112.3682525 4 0.065789374999994)
 , (Not 113.157725 3 0.52302553125)
 , (Not 113.68404 4 0.065789374999994)
 , (Not 114.07877625 1 0.065789374999994)
 , (Not 114.07877625 4 0.065789374999994)
 , (Not 114.47241601042 2 0.065789374999994)
 , (Not 114.47241601042 4 0.065789374999994)
 , (Not 114.73667 1 0.064692885416662)
 , (Not 114.73667 4 0.064692885416662)
 , (Not 114.86824875 2 0.064692885416662)
 , (Not 114.9998275 1 0.064692885416662)
 , (Not 115.262985 3 0.78837601041667)
 , (Not 116.0524575 4 0.065789374999994)
 , (Not 116.315615 1 0.065789374999994)
 , (Not 116.315615 4 0.065789374999994)
 , (Not 116.5787725 2 0.065789374999994)
 , (Not 116.5787725 4 0.065789374999994)
 , (Not 116.84193 1 0.065789374999994)
 , (Not 116.84193 4 0.065789374999994)
 , (Not 117.10399101042 2 0.065789374999994)
 , (Not 117.10399101042 4 0.065789374999994)
 , (Not 117.368245 3 0.065789374999994)
 , (Not 117.368245 4 0.065789374999994)
 , (Not 117.49982375 2 0.065789374999994)
 , (Not 117.63030601042 3 0.065789374999994)
 , (Not 117.89456 4 0.065789374999994)
 , (Not 118.28929625 1 0.064692885416662)
 , (Not 118.28929625 4 0.064692885416662)
 , (Not 118.6840325 2 0.065789374999994)
 , (Not 118.6840325 4 0.065789374999994)
 , (Not 118.94719 1 0.065789374999994)
 , (Not 118.94719 4 0.065789374999994)
 , (Not 119.07876875 2 0.065789374999994)
 , (Not 119.2103475 1 0.065789374999994)
 , (Not 119.473505 3 0.78837601041667)
 , (Not 120.26407398958 4 0.064692885416662)
 , (Not 120.526135 1 0.065789374999994)
 , (Not 120.526135 4 0.065789374999994)
 , (Not 120.7892925 2 0.065789374999994)
 , (Not 120.7892925 4 0.065789374999994)
 , (Not 121.05245 1 0.065789374999994)
 , (Not 121.05245 4 0.065789374999994)
 , (Not 121.3156075 2 0.065789374999994)
 , (Not 121.3156075 4 0.065789374999994)
 , (Not 121.578765 3 0.065789374999994)
 , (Not 121.578765 4 0.065789374999994)
 , (Not 121.71034375 2 0.065789374999994)
 , (Not 121.84082601041 3 0.065789374999994)
 , (Not 122.10508 1 0.39254327083333)
 , (Not 122.10508 4 0.39144678125)
 , (Not 122.49871976041 2 0.328946875)
 , (Not 122.49871976041 4 0.32785038541667)
 , (Not 122.828763125 3 0.32785038541667)
 , (Not 122.828763125 4 0.32675389583333)
 , (Not 123.15771 4 1.0515335104167)
 , (Not 124.47240101041 1 0.064692885416662)
 , (Not 124.47240101041 4 0.064692885416662)
 , (Not 124.736655 2 0.064692885416662)
 , (Not 124.736655 4 0.064692885416662)
 , (Not 124.9998125 3 0.064692885416662)
 , (Not 124.9998125 4 0.064692885416662)
 , (Not 125.789285 3 0.52302553125)
 , (Not 126.3156 1 0.39363976041666)
 , (Not 126.3156 4 0.39363976041666)
 , (Not 126.71143273958 2 0.32675389583333)
 , (Not 126.71143273958 4 0.32565740625)
 , (Not 127.039283125 3 0.32785038541667)
 , (Not 127.039283125 4 0.32675389583333)
 , (Not 127.36823 4 0.064692885416662)
 , (Not 127.6313875 4 0.064692885416662)
 , (Not 127.894545 4 0.065789374999994)
 , (Not 128.02502726041 2 0.39254327083333)
 , (Not 128.68292101041 1 0.064692885416662)
 , (Not 128.68292101041 4 0.064692885416662)
 , (Not 128.947175 2 0.065789375000008)
 , (Not 128.947175 4 0.065789375000008)
 , (Not 129.2103325 3 0.065789375000008)
 , (Not 129.2103325 4 0.065789375000008)
 , (Not 129.999805 3 0.52302553125)
 , (Not 130.52612 4 0.066885864583327)
 , (Not 130.92195273958 1 0.064692885416662)
 , (Not 130.92195273958 4 0.064692885416662)
 , (Not 131.3155925 2 0.064692885416662)
 , (Not 131.3155925 4 0.064692885416662)
 , (Not 131.57875 1 0.064692885416662)
 , (Not 131.57875 4 0.064692885416662)
 , (Not 131.71032875 2 0.064692885416662)
 , (Not 131.8419075 1 0.064692885416662)
 , (Not 132.105065 3 0.78837601041667)
 , (Not 132.8945375 4 0.064692885416662)
 , (Not 133.157695 1 0.064692885416662)
 , (Not 133.157695 4 0.064692885416662)
 , (Not 133.41975601041 2 0.064692885416662)
 , (Not 133.41975601041 4 0.064692885416662)
 , (Not 133.68401 1 0.064692885416662)
 , (Not 133.68401 4 0.064692885416662)
 , (Not 133.9471675 2 0.064692885416662)
 , (Not 133.9471675 4 0.064692885416662)
 , (Not 134.210325 3 0.064692885416662)
 , (Not 134.210325 4 0.064692885416662)
 , (Not 134.34190375 2 0.064692885416662)
 , (Not 134.47457898958 3 0.064692885416662)
 , (Not 134.73664 4 0.064692885416662)
 , (Not 135.13137625 1 0.064692885416662)
 , (Not 135.13137625 4 0.064692885416662)
 , (Not 135.5261125 2 0.064692885416662)
 , (Not 135.5261125 4 0.064692885416662)
 , (Not 135.78927 1 0.064692885416662)
 , (Not 135.78927 4 0.064692885416662)
 , (Not 135.92084875 2 0.064692885416662)
 , (Not 136.05352398958 1 0.064692885416662)
 , (Not 136.315585 3 0.78837601041667)
 , (Not 137.1050575 4 0.064692885416662)
 , (Not 137.368215 1 0.065789375000008)
 , (Not 137.368215 4 0.065789375000008)
 , (Not 137.6313725 2 0.065789375000008)
 , (Not 137.6313725 4 0.065789375000008)
 , (Not 137.89453 1 0.065789375000008)
 , (Not 137.89453 4 0.065789375000008)
 , (Not 138.1576875 2 0.065789375000008)
 , (Not 138.1576875 4 0.065789375000008)
 , (Not 138.420845 3 0.066885864583327)
 , (Not 138.420845 4 0.066885864583327)
 , (Not 138.55242375 2 0.065789375000008)
 , (Not 138.68509898958 3 0.064692885416662)
 , (Not 138.94716 1 0.065789375000008)
 , (Not 138.94716 3 0.065789375000008)
 , (Not 138.94716 4 0.065789375000008)
 , (Not 139.27501038541 1 0.065789375000008)
 , (Not 139.27501038541 3 0.065789375000008)
 , (Not 139.27501038541 4 0.065789375000008)
 , (Not 139.73553601041 1 0.065789375000008)
 , (Not 139.73553601041 3 0.065789375000008)
 , (Not 139.73553601041 4 0.065789375000008)
 , (Not 140.26185101041 1 0.065789375000008)
 , (Not 140.26185101041 3 0.065789375000008)
 , (Not 140.26185101041 4 0.065789375000008)
 , (Not 140.79035898958 1 0.064692885416662)
 , (Not 140.79035898958 3 0.064692885416662)
 , (Not 140.79035898958 4 0.064692885416662)
 , (Not 141.05242 1 0.065789375000008)
 , (Not 141.05242 3 0.065789375000008)
 , (Not 141.05242 4 0.065789375000008)
 , (Not 141.381366875 1 0.065789375000008)
 , (Not 141.381366875 3 0.065789375000008)
 , (Not 141.381366875 4 0.065789375000008)
 , (Not 141.8418925 1 0.064692885416662)
 , (Not 141.8418925 3 0.064692885416662)
 , (Not 141.8418925 4 0.064692885416662)
 , (Not 142.3682075 1 0.064692885416662)
 , (Not 142.3682075 3 0.064692885416662)
 , (Not 142.3682075 4 0.064692885416662)
 , (Not 142.89342601041 1 0.065789375000008)
 , (Not 142.89342601041 3 0.065789375000008)
 , (Not 142.89342601041 4 0.065789375000008)
 , (Not 143.15768 2 0.065789375000008)
 , (Not 143.15768 4 0.065789375000008)
 , (Not 143.486626875 2 0.065789375000008)
 , (Not 143.486626875 4 0.065789375000008)
 , (Not 143.9471525 2 0.064692885416662)
 , (Not 143.9471525 4 0.064692885416662)
 , (Not 144.47456398958 2 0.064692885416662)
 , (Not 144.47456398958 4 0.064692885416662)
 , (Not 144.9997825 2 0.064692885416662)
 , (Not 144.9997825 4 0.064692885416662)
 , (Not 145.26294 2 0.064692885416662)
 , (Not 145.26294 4 0.064692885416662)
 , (Not 147.3682 1 0.065789375000008)
 , (Not 147.3682 3 0.065789375000008)
 , (Not 147.3682 4 0.065789375000008)
 , (Not 147.697146875 1 0.065789375000008)
 , (Not 147.697146875 3 0.065789375000008)
 , (Not 147.697146875 4 0.065789375000008)
 , (Not 148.1576725 1 0.065789375000008)
 , (Not 148.1576725 3 0.065789375000008)
 , (Not 148.1576725 4 0.065789375000008)
 , (Not 148.68508398958 1 0.064692885416662)
 , (Not 148.68508398958 3 0.064692885416662)
 , (Not 148.68508398958 4 0.064692885416662)
 , (Not 149.2103025 1 0.064692885416662)
 , (Not 149.2103025 3 0.064692885416662)
 , (Not 149.2103025 4 0.064692885416662)
 , (Not 149.47346 1 0.065789375000008)
 , (Not 149.47346 3 0.065789375000008)
 , (Not 149.47346 4 0.065789375000008)
 , (Not 149.802406875 1 0.065789375000008)
 , (Not 149.802406875 3 0.065789375000008)
 , (Not 149.802406875 4 0.065789375000008)
 , (Not 150.26402898958 1 0.064692885416662)
 , (Not 150.26402898958 3 0.064692885416662)
 , (Not 150.26402898958 4 0.064692885416662)
 , (Not 150.79034398958 1 0.064692885416662)
 , (Not 150.79034398958 3 0.064692885416662)
 , (Not 150.79034398958 4 0.064692885416662)
 , (Not 151.31665898958 1 0.064692885416662)
 , (Not 151.31665898958 3 0.064692885416662)
 , (Not 151.31665898958 4 0.064692885416662)
 , (Not 151.57872 2 0.064692885416662)
 , (Not 151.57872 4 0.064692885416662)
 , (Not 151.907666875 2 0.064692885416662)
 , (Not 151.907666875 4 0.064692885416662)
 , (Not 152.36928898958 2 0.064692885416662)
 , (Not 152.36928898958 4 0.064692885416662)
 , (Not 152.89560398958 2 0.064692885416662)
 , (Not 152.89560398958 4 0.064692885416662)
 , (Not 153.4208225 2 0.065789375000008)
 , (Not 153.4208225 4 0.065789375000008)
 , (Not 153.68398 2 0.065789375000008)
 , (Not 153.68398 4 0.065789375000008)
 , (Not 155.78924 1 0.065789375000008)
 , (Not 155.78924 3 0.065789375000008)
 , (Not 155.78924 4 0.065789375000008)
 , (Not 156.05130101041 1 0.065789375000008)
 , (Not 156.05130101041 3 0.065789375000008)
 , (Not 156.05130101041 4 0.065789375000008)
 , (Not 156.84187 4 0.065789375000008)
 , (Not 157.10393101041 1 0.065789375000008)
 , (Not 157.10393101041 4 0.065789375000008)
 , (Not 157.368185 2 0.065789375000008)
 , (Not 157.368185 4 0.065789375000008)
 , (Not 157.8945 1 0.064692885416662)
 , (Not 157.8945 3 0.064692885416662)
 , (Not 157.8945 4 0.064692885416662)
 , (Not 158.15656101041 1 0.065789375000008)
 , (Not 158.15656101041 3 0.065789375000008)
 , (Not 158.15656101041 4 0.065789375000008)
 , (Not 158.94713 4 0.065789375000008)
 , (Not 159.21138398958 1 0.064692885416662)
 , (Not 159.21138398958 4 0.064692885416662)
 , (Not 159.473445 2 0.064692885416662)
 , (Not 159.473445 4 0.064692885416662)
 , (Not 159.99976 2 0.064692885416662)
 , (Not 159.99976 4 0.064692885416662)
 , (Not 160.26401398958 2 0.064692885416662)
 , (Not 160.26401398958 4 0.064692885416662)
 , (Not 161.05239 1 0.065789375000008)
 , (Not 161.05239 4 0.065789375000008)
 , (Not 161.31664398958 2 0.064692885416662)
 , (Not 161.31664398958 4 0.064692885416662)
 , (Not 161.578705 3 0.065789375000008)
 , (Not 161.578705 4 0.065789375000008)
 , (Not 162.10502 2 0.064692885416662)
 , (Not 162.10502 4 0.064692885416662)
 , (Not 164.21028 1 0.064692885416662)
 , (Not 164.21028 4 0.064692885416662)
 , (Not 164.4734375 1 0.064692885416662)
 , (Not 164.4734375 4 0.064692885416662)
 , (Not 164.736595 1 0.065789375000008)
 , (Not 164.736595 3 0.065789375000008)
 , (Not 164.736595 4 0.065789375000008)
 , (Not 164.99865601041 1 0.065789375000008)
 , (Not 164.99865601041 4 0.065789375000008)
 , (Not 165.26291 1 0.064692885416662)
 , (Not 165.26291 4 0.064692885416662)
 , (Not 165.52497101041 1 0.064692885416662)
 , (Not 165.52497101041 4 0.064692885416662)
 , (Not 165.789225 1 0.064692885416662)
 , (Not 165.789225 3 0.064692885416662)
 , (Not 165.789225 4 0.064692885416662)
 , (Not 166.0523825 1 0.064692885416662)
 , (Not 166.0523825 4 0.064692885416662)
 , (Not 166.31554 1 0.065789375000008)
 , (Not 166.31554 4 0.065789375000008)
 , (Not 166.5786975 1 0.065789375000008)
 , (Not 166.5786975 4 0.065789375000008)
 , (Not 166.841855 1 0.065789375000008)
 , (Not 166.841855 3 0.065789375000008)
 , (Not 166.841855 4 0.065789375000008)
 , (Not 167.1050125 1 0.065789375000008)
 , (Not 167.1050125 4 0.065789375000008)
 , (Not 167.36817 1 0.065789375000008)
 , (Not 167.36817 4 0.065789375000008)
 , (Not 167.6313275 1 0.065789375000008)
 , (Not 167.6313275 4 0.065789375000008)
 , (Not 167.894485 1 0.065789375000008)
 , (Not 167.894485 3 0.065789375000008)
 , (Not 167.894485 4 0.065789375000008)
 , (Not 168.15873898958 2 0.064692885416662)
 , (Not 168.15873898958 4 0.064692885416662)
 , (Not 168.4208 2 0.065789375000008)
 , (Not 168.4208 4 0.065789375000008)
 , (Not 168.6839575 2 0.065789375000008)
 , (Not 168.6839575 4 0.065789375000008)
 , (Not 168.947115 2 0.065789375000008)
 , (Not 168.947115 4 0.065789375000008)
 , (Not 169.21136898958 2 0.064692885416662)
 , (Not 169.21136898958 4 0.064692885416662)
 , (Not 169.47343 2 0.065789375000008)
 , (Not 169.47343 4 0.065789375000008)
 , (Not 169.73768398958 2 0.064692885416662)
 , (Not 169.73768398958 4 0.064692885416662)
 , (Not 169.999745 2 0.064692885416662)
 , (Not 169.999745 4 0.064692885416662)
 , (Not 170.26399898958 2 0.064692885416662)
 , (Not 170.26399898958 4 0.064692885416662)
 , (Not 170.52606 2 0.065789375000008)
 , (Not 170.52606 4 0.065789375000008)
 , (Not 172.63132 1 0.064692885416662)
 , (Not 172.63132 4 0.064692885416662)
 , (Not 173.157635 2 0.066885864583327)
 , (Not 173.157635 3 0.066885864583327)
 , (Not 173.157635 4 0.066885864583327)
 , (Not 173.68395 1 0.065789375000008)
 , (Not 173.68395 4 0.065789375000008)
 , (Not 174.210265 2 0.065789375000008)
 , (Not 174.210265 3 0.065789375000008)
 , (Not 174.210265 4 0.065789375000008)
 , (Not 174.73658 1 0.52521851041672)
 , (Not 174.73658 4 0.52412202083337)
 , (Not 175.262895 2 0.065789375000008)
 , (Not 175.262895 3 0.065789375000008)
 , (Not 175.262895 4 0.065789375000008)
 , (Not 175.78921 1 0.064692885416662)
 , (Not 175.78921 4 0.064692885416662)
 , (Not 176.315525 2 0.065789375000008)
 , (Not 176.315525 3 0.065789375000008)
 , (Not 176.315525 4 0.065789375000008)
 , (Not 176.84184 2 0.52521851041669)
 , (Not 176.84184 4 0.52412202083335)
 , (Not 177.368155 2 0.064692885416662)
 , (Not 177.368155 4 0.064692885416662)
 , (Not 177.89447 2 0.064692885416662)
 , (Not 177.89447 4 0.064692885416662)
 , (Not 178.420785 3 0.063596395833343)
 , (Not 178.420785 4 0.063596395833343)
 , (Not 178.9471 3 0.064692885416662)
 , (Not 178.9471 4 0.064692885416662)
 , (Not 183.15762 3 0.52631500000001)
 , (Not 183.15762 4 0.52631500000001)
 , (Not 183.94818898958 3 0.78837601041667)
 , (Not 183.94818898958 4 0.78837601041667)
 , (Not 185.26288 3 0.52521851041666)
 , (Not 185.26288 4 0.52521851041666)
 , (Not 186.0523525 3 0.78837601041667)
 , (Not 186.0523525 4 0.78837601041667)
 , (Not 187.36814 1 0.52631500000001)
 , (Not 187.36814 4 0.52631500000001)
 , (Not 188.1576125 1 0.78837601041667)
 , (Not 188.1576125 4 0.78837601041667)
 , (Not 189.4734 1 0.065789375000008)
 , (Not 189.4734 4 0.065789375000008)
 , (Not 193.50848166667 3 0.064692885416662)
 , (Not 193.50848166667 4 0.064692885416662)
 , (Not 193.68392 2 0.064692885416662)
 , (Not 194.012866875 2 0.064692885416662)
 , (Not 194.210235 3 0.064692885416662)
 , (Not 195.19817211458 4 0.064692885416662)
 , (Not 195.31330352083 3 0.064692885416662)
 , (Not 195.56001367708 3 0.064692885416662)
 , (Not 195.56001367708 4 0.064692885416662)
 , (Not 195.67404859375 2 0.064692885416662)
 , (Not 195.78918 1 1.04934053125)
 , (Not 196.84181 4 0.06578937499998)
 , (Not 197.01615184375 1 0.065789375000008)
 , (Not 197.19268666667 2 0.064692885416662)
 , (Not 197.368125 3 0.065789375000008)
 , (Not 197.89444 3 0.064692885416662)
 , (Not 197.89444 4 0.064692885416662)
 , (Not 198.02711523958 2 0.064692885416662)
 , (Not 198.15869398958 1 0.064692885416662)
 , (Not 198.420755 4 0.065789375000008)
 , (Not 198.55233375 1 0.065789375000008)
 , (Not 198.68500898958 2 0.064692885416662)
 , (Not 198.85935083333 3 0.065789375000008)
 , (Not 199.144438125 4 0.45942913541668)
 , (Not 199.7365425 1 0.065789375000008)
 , (Not 199.9997 2 1.0515335104167)
 , (Not 202.3681175 4 0.065789375000008)
 , (Not 202.631275 2 0.064692885416662)
 , (Not 202.631275 4 0.064692885416662)
 , (Not 202.76285375 1 0.064692885416662)
 , (Not 203.15759 3 0.064692885416662)
 , (Not 203.15759 4 0.064692885416662)
 , (Not 203.28916875 2 0.064692885416662)
 , (Not 203.55232625 2 1.0515335104167)
 , (Not 204.60495625 3 0.7883760104167)
 , (Not 204.60495625 4 0.7883760104167)
 , (Not 205.39552523958 2 0.064692885416662)
 , (Not 205.39552523958 4 0.064692885416662)
 , (Not 205.5260075 1 0.064692885416662)
 , (Not 205.789165 2 0.52521851041666)
 , (Not 206.31548 1 0.065789375000008)
 , (Not 206.31548 4 0.065789375000008)
 , (Not 206.841795 1 0.064692885416662)
 , (Not 207.10604898958 2 0.064692885416662)
 , (Not 207.36811 1 0.064692885416662)
 , (Not 207.63236398958 2 0.064692885416662)
 , (Not 207.894425 3 0.064692885416662)
 , (Not 208.1575825 2 0.064692885416662)
 , (Not 208.42074 1 1.05263)
 , (Not 210.65757875 4 0.064692885416662)
 , (Not 210.854946875 3 0.064692885416662)
 , (Not 211.052315 2 0.065789375000008)
 , (Not 211.31656898958 3 0.064692885416662)
 , (Not 211.57863 2 0.065789375000008)
 , (Not 211.84288398958 3 0.064692885416662)
 , (Not 211.97336625 2 0.065789375000008)
 , (Not 212.104945 1 0.064692885416662)
 , (Not 212.30340961458 2 0.064692885416662)
 , (Not 212.50077773958 3 0.064692885416662)
 , (Not 213.4207325 3 0.064692885416662)
 , (Not 213.68389 1 0.064692885416662)
 , (Not 213.86042482292 2 0.06469288541669)
 , (Not 214.03476666667 1 0.065789375000008)
 , (Not 214.34178375 4 0.3936397604167)
 , (Not 214.73652 3 0.064692885416662)
 , (Not 214.86809875 2 0.064692885416662)
 , (Not 215.00077398958 1 0.064692885416662)
 , (Not 215.39331726042 4 0.06578937499998)
 , (Not 215.78915 4 0.064692885416662)
 , (Not 215.96568482292 3 0.06469288541669)
 , (Not 216.14002666667 2 0.064692885416662)
 , (Not 216.381254375 3 0.064692885416662)
 , (Not 216.5786225 2 0.065789375000008)
 , (Not 216.775990625 1 0.065789375000008)
 , (Not 218.94704 4 0.064692885416662)
 , (Not 219.12247833333 1 0.064692885416662)
 , (Not 219.29791666667 2 0.065789375000008)
 , (Not 219.60493375 4 0.064692885416662)
 , (Not 219.73760898958 1 0.064692885416662)
 , (Not 220.26392398958 3 0.064692885416662)
 , (Not 220.26392398958 4 0.064692885416662)
 , (Not 220.39440625 2 0.064692885416662)
 , (Not 220.7891425 2 0.43749934375003)
 , (Not 221.35931708333 2 0.06469288541669)
 , (Not 221.35931708333 4 0.06469288541669)
 , (Not 221.49089583333 1 0.064692885416662)
 , (Not 222.039140625 3 0.41556955208333)
 , (Not 222.039140625 4 0.41556955208333)
 , (Not 222.631245 2 0.065789375000008)
 , (Not 222.631245 4 0.065789375000008)
 , (Not 222.76282375 1 0.06578937499998)
 , (Not 223.15756 1 0.064692885416662)
 , (Not 223.15756 4 0.064692885416662)
 , (Not 223.50843666667 1 0.06469288541669)
 , (Not 223.881243125 2 0.59210437499999)
 , (Not 223.881243125 4 0.59210437499999)
 , (Not 224.9996625 4 0.064692885416662)
 , (Not 225.26282 2 0.064692885416662)
 , (Not 225.26282 4 0.064692885416662)
 , (Not 225.39330226042 3 0.06578937499998)
 , (Not 225.65645976042 4 0.06578937499998)
 , (Not 225.789135 2 0.064692885416662)
 , (Not 225.91961726042 3 0.06578937499998)
 , (Not 226.18277476042 4 0.06578937499998)
 , (Not 226.31545 1 0.064692885416662)
 , (Not 226.44593226042 2 0.06578937499998)
 , (Not 226.70908976042 4 0.065789375000008)
 , (Not 226.841765 1 0.064692885416662)
 , (Not 226.97334375 2 0.064692885416662)
 , (Not 227.23650125 4 0.065789375000008)
 , (Not 227.36808 2 0.066885864583327)
 , (Not 227.49965875 3 0.065789375000008)
 , (Not 227.76281625 4 0.064692885416662)
 , (Not 227.894395 1 0.065789375000008)
 , (Not 228.02487726042 3 0.065789375000008)
 , (Not 228.28803476042 4 0.065789375000008)
 , (Not 228.42071 2 0.065789375000008)
 , (Not 228.55338523958 3 0.064692885416662)
 , (Not 228.81654273958 4 0.064692885416662)
 , (Not 228.947025 1 0.065789375000008)
 , (Not 229.03474416667 2 0.065789375000008)
 , (Not 229.47334 3 11.051518510417)
 , (Not 246.31542 4 1.8399095208333)
 , (Not 248.1575225 2 2.3673210104167)
 , (Not 248.1575225 4 2.3662245208333)
 , (Not 250.52594 4 1.5767520208333)
 , (Not 252.104885 1 0.32894687500001)
 , (Not 252.104885 4 0.32894687500001)
 , (Not 252.43492836458 3 2.3015316354167)
 , (Not 254.73646 2 0.72258663541666)
 , (Not 254.73646 4 0.72258663541666)
 , (Not 255.46123961458 3 0.32675389583335)
 , (Not 255.78909 2 0.78837601041664)
 , (Not 256.57965898958 1 2.3662245208333)
 , (Not 256.57965898958 4 2.36512803125)
 , (Not 258.94698 4 1.8421025)
 , (Not 260.79127547917 1 3.94407303125)
 , (Not 260.79127547917 4 3.9429765416667)
 , (Not 264.736445 4 0.52631500000007)
 , (Not 265.26276 3 0.066885864583355)
 , (Not 265.26276 4 0.066885864583355)
 , (Not 265.52701398958 2 0.064692885416662)
 , (Not 265.65859273958 3 0.064692885416662)
 , (Not 265.92175023958 2 0.064692885416662)
 , (Not 266.0522325 1 0.065789375000008)
 , (Not 266.31539 4 1.0504370208333)
 , (Not 267.36802 3 0.064692885416662)
 , (Not 267.36802 4 0.064692885416662)
 , (Not 267.6311775 2 0.064692885416662)
 , (Not 267.76275625 3 0.064692885416662)
 , (Not 268.02591375 2 0.064692885416662)
 , (Not 268.15639601042 1 0.065789375000008)
 , (Not 268.42065 1 0.39254327083336)
 , (Not 268.42065 4 0.39254327083336)
 , (Not 268.81538625 2 0.39254327083336)
 , (Not 268.81538625 4 0.39254327083336)
 , (Not 269.2101225 4 0.064692885416662)
 , (Not 269.47328 3 0.064692885416662)
 , (Not 269.47328 4 0.064692885416662)
 , (Not 269.73753398958 2 0.064692885416662)
 , (Not 269.86801625 3 0.064692885416662)
 , (Not 270.13227023958 2 0.064692885416662)
 , (Not 270.2627525 1 0.064692885416662)
 , (Not 270.52591 4 1.0504370208333)
 , (Not 271.57854 3 0.064692885416662)
 , (Not 271.57854 4 0.064692885416662)
 , (Not 271.8416975 2 0.064692885416662)
 , (Not 271.97327625 3 0.064692885416662)
 , (Not 272.23643375 2 0.065789375000008)
 , (Not 272.3680125 1 0.065789375000008)
 , (Not 272.63117 1 0.39254327083336)
 , (Not 272.63117 4 0.39254327083336)
 , (Not 273.02590625 2 0.39144678125001)
 , (Not 273.02590625 4 0.39144678125001)
 , (Not 273.42173898958 4 0.064692885416662)
 , (Not 273.6838 4 0.065789375000008)
 , (Not 273.94805398958 3 0.064692885416662)
 , (Not 274.34169375 3 0.064692885416662)
 , (Not 274.4732725 2 0.064692885416662)
 , (Not 274.73643 1 1.0515335104167)
 , (Not 274.73643 4 1.0504370208333)
 , (Not 275.78906 4 0.064692885416662)
 , (Not 276.05112101042 3 0.065789375000008)
 , (Not 276.44695375 3 0.065789375000008)
 , (Not 276.5785325 2 0.065789375000008)
 , (Not 276.84169 2 0.39254327083336)
 , (Not 276.84169 4 0.39254327083336)
 , (Not 277.23642625 3 0.39254327083336)
 , (Not 277.23642625 4 0.39254327083336)
 , (Not 277.6311625 1 0.065789375000008)
 , (Not 277.6311625 4 0.065789375000008)
 , (Not 277.89432 4 0.064692885416662)
 , (Not 278.15857398958 3 0.064692885416662)
 , (Not 278.55221375 3 0.064692885416662)
 , (Not 278.68488898958 2 0.064692885416662)
 , (Not 278.94695 1 1.0515335104167)
 , (Not 278.94695 4 1.0504370208333)
 , (Not 279.99958 4 0.065789375000008)
 , (Not 280.26383398958 3 0.064692885416662)
 , (Not 280.65637726042 3 0.065789375000008)
 , (Not 280.7890525 2 0.065789375000008)
 , (Not 281.05221 2 0.064692885416662)
 , (Not 281.05221 4 0.064692885416662)
 , (Not 281.31427101042 1 0.064692885416662)
 , (Not 281.44694625 2 0.064692885416662)
 , (Not 281.70900726042 2 0.065789375000008)
 , (Not 281.70900726042 4 0.065789375000008)
 , (Not 281.8416825 1 0.064692885416662)
 , (Not 282.10484 3 0.065789375000008)
 , (Not 282.10484 4 0.065789375000008)
 , (Not 282.3679975 2 0.065789375000008)
 , (Not 282.49957625 3 0.065789375000008)
 , (Not 282.76273375 2 0.065789375000008)
 , (Not 282.89540898958 1 0.064692885416662)
 , (Not 284.2101 3 0.065789375000008)
 , (Not 284.2101 4 0.065789375000008)
 , (Not 284.47435398958 2 0.064692885416662)
 , (Not 284.60593273958 3 0.064692885416662)
 , (Not 284.86799375 2 0.064692885416662)
 , (Not 284.9995725 1 0.064692885416662)
 , (Not 285.26273 1 0.39144678125001)
 , (Not 285.26273 4 0.39144678125001)
 , (Not 285.65746625 2 0.39254327083336)
 , (Not 285.65746625 4 0.39254327083336)
 , (Not 286.0522025 4 0.064692885416662)
 , (Not 286.31536 3 0.065789375000008)
 , (Not 286.31536 4 0.065789375000008)
 , (Not 286.57961398958 2 0.064692885416662)
 , (Not 286.71009625 3 0.065789375000008)
 , (Not 286.97325375 2 0.065789375000008)
 , (Not 287.10373601042 1 0.065789375000008)
 , (Not 287.36799 4 1.0504370208333)
 , (Not 288.42062 3 0.064692885416662)
 , (Not 288.42062 4 0.064692885416662)
 , (Not 288.68487398958 2 0.064692885416662)
 , (Not 288.81535625 3 0.064692885416662)
 , (Not 289.07851375 2 0.064692885416662)
 , (Not 289.2100925 1 0.064692885416662)
 , (Not 289.47325 1 0.39144678125001)
 , (Not 289.47325 4 0.39144678125001)
 , (Not 289.86798625 2 0.39254327083336)
 , (Not 289.86798625 4 0.39254327083336)
 , (Not 290.26381898958 4 0.064692885416662)
 , (Not 290.52588 4 0.064692885416662)
 , (Not 290.78794101042 3 0.064692885416662)
 , (Not 291.18377375 3 0.065789375000008)
 , (Not 291.31644898958 2 0.064692885416662)
 , (Not 291.57851 1 1.0515335104167)
 , (Not 291.57851 4 1.0504370208333)
 , (Not 292.63114 4 0.065789375000008)
 , (Not 292.8942975 3 0.065789375000008)
 , (Not 293.29013023958 3 0.064692885416662)
 , (Not 293.4206125 2 0.065789375000008)
 , (Not 293.68377 2 0.39254327083336)
 , (Not 293.68377 4 0.39254327083336)
 , (Not 294.07960273958 3 0.39144678125001)
 , (Not 294.07960273958 4 0.39144678125001)
 , (Not 294.4732425 1 0.065789375000008)
 , (Not 294.4732425 4 0.065789375000008)
 , (Not 294.7364 4 0.064692885416662)
 , (Not 294.99846101042 3 0.065789375000008)
 , (Not 295.39429375 3 0.064692885416662)
 , (Not 295.52477601042 2 0.065789375000008)
 , (Not 295.78903 1 1.0515335104167)
 , (Not 295.78903 4 1.0504370208333)
 , (Not 296.84166 4 0.064692885416662)
 , (Not 297.1048175 3 0.064692885416662)
 , (Not 297.49955375 3 0.065789375000008)
 , (Not 297.6311325 2 0.065789375000008)
 , (Not 297.89429 2 0.39035029166666)
 , (Not 297.89429 4 0.39035029166666)
 , (Not 298.28902625 3 0.39144678125001)
 , (Not 298.28902625 4 0.39144678125001)
 , (Not 298.68485898958 1 0.064692885416662)
 , (Not 298.68485898958 4 0.064692885416662)
 , (Not 298.94692 1 0.3936397604167)
 , (Not 298.94692 4 0.39254327083336)
 , (Not 299.34165625 2 0.3278503854167)
 , (Not 299.34165625 4 0.32675389583335)
 , (Not 299.670603125 3 0.3278503854167)
 , (Not 299.670603125 4 0.32675389583335)
 , (Not 299.99955 4 1.05263)
 , (Not 301.31424101042 1 0.064692885416662)
 , (Not 301.31424101042 4 0.064692885416662)
 , (Not 301.578495 2 0.064692885416662)
 , (Not 301.578495 4 0.064692885416662)
 , (Not 301.84274898958 3 0.064692885416662)
 , (Not 301.84274898958 4 0.064692885416662)
 , (Not 302.631125 3 0.52302553125003)
 , (Not 303.15744 1 0.39254327083336)
 , (Not 303.15744 4 0.39144678125001)
 , (Not 303.55107976042 2 0.33004336458333)
 , (Not 303.55107976042 4 0.32894687499999)
 , (Not 303.88221961458 3 0.32785038541664)
 , (Not 303.88221961458 4 0.32785038541664)
 , (Not 304.21007 4 0.066885864583355)
 , (Not 304.4732275 4 0.065789375000008)
 , (Not 304.736385 4 0.064692885416662)
 , (Not 304.86796375 2 0.39254327083336)
 , (Not 305.52476101042 1 0.065789375000008)
 , (Not 305.52476101042 4 0.065789375000008)
 , (Not 305.789015 2 0.064692885416662)
 , (Not 305.789015 4 0.064692885416662)
 , (Not 306.05326898958 3 0.064692885416662)
 , (Not 306.05326898958 4 0.064692885416662)
 , (Not 306.841645 3 0.52302553125003)
 , (Not 307.36796 4 0.065789375000008)
 , (Not 307.76269625 1 0.064692885416662)
 , (Not 307.76269625 4 0.064692885416662)
 , (Not 308.15852898959 2 0.064692885416662)
 , (Not 308.15852898959 4 0.064692885416662)
 , (Not 308.42059 1 0.066885864583355)
 , (Not 308.42059 4 0.066885864583355)
 , (Not 308.55326523959 2 0.064692885416719)
 , (Not 308.6837475 1 0.065789375000008)
 , (Not 308.946905 3 0.78727952083335)
 , (Not 309.73528101042 4 0.065789375000008)
 , (Not 309.999535 1 0.065789375000008)
 , (Not 309.999535 4 0.065789375000008)
 , (Not 310.2626925 2 0.065789375000008)
 , (Not 310.2626925 4 0.065789375000008)
 , (Not 310.52585 1 0.065789375000008)
 , (Not 310.52585 4 0.065789375000008)
 , (Not 310.79010398959 2 0.064692885416662)
 , (Not 310.79010398959 4 0.064692885416662)
 , (Not 311.052165 3 0.065789375000008)
 , (Not 311.052165 4 0.065789375000008)
 , (Not 311.18374375 2 0.065789375000008)
 , (Not 311.31422601042 3 0.065789375000008)
 , (Not 311.57848 4 0.064692885416662)
 , (Not 311.97321625 1 0.064692885416662)
 , (Not 311.97321625 4 0.064692885416662)
 , (Not 312.36904898959 2 0.064692885416662)
 , (Not 312.36904898959 4 0.064692885416662)
 , (Not 312.63111 1 0.066885864583355)
 , (Not 312.63111 4 0.066885864583355)
 , (Not 312.76378523959 2 0.065789375000008)
 , (Not 312.8942675 1 0.064692885416662)
 , (Not 313.157425 3 0.78837601041664)
 , (Not 313.9468975 4 0.065789375000008)
 , (Not 314.210055 1 0.065789375000008)
 , (Not 314.210055 4 0.065789375000008)
 , (Not 314.47430898959 2 0.064692885416662)
 , (Not 314.47430898959 4 0.064692885416662)
 , (Not 314.73637 1 0.066885864583355)
 , (Not 314.73637 4 0.066885864583355)
 , (Not 315.00062398959 2 0.064692885416662)
 , (Not 315.00062398959 4 0.064692885416662)
 , (Not 315.262685 3 0.065789375000008)
 , (Not 315.262685 4 0.065789375000008)
 , (Not 315.39426375 2 0.065789375000008)
 , (Not 315.5258425 3 0.065789375000008)
 , (Not 315.789 1 0.3936397604167)
 , (Not 315.789 4 0.39254327083336)
 , (Not 316.18373625 2 0.3278503854167)
 , (Not 316.18373625 4 0.32675389583335)
 , (Not 316.512683125 3 0.3278503854167)
 , (Not 316.512683125 4 0.32675389583335)
 , (Not 316.84163 4 1.0515335104167)
 , (Not 318.1574175 1 0.064692885416662)
 , (Not 318.1574175 4 0.064692885416662)
 , (Not 318.420575 2 0.065789375000008)
 , (Not 318.420575 4 0.065789375000008)
 , (Not 318.68482898959 3 0.064692885416662)
 , (Not 318.68482898959 4 0.064692885416662)
 , (Not 318.94689 4 0.52412202083332)
 , (Not 319.473205 3 0.52302553125003)
 , (Not 319.473205 4 0.52302553125003)
 , (Not 319.99952 1 0.45942913541666)
 , (Not 319.99952 4 0.45833264583331)
 , (Not 320.460045625 2 0.064692885416662)
 , (Not 320.460045625 4 0.064692885416662)
 , (Not 320.7889925 3 0.064692885416662)
 , (Not 320.7889925 4 0.064692885416662)
 , (Not 321.05215 4 1.0515335104167)
 , (Not 322.36684101042 1 0.065789375000008)
 , (Not 322.36684101042 4 0.065789375000008)
 , (Not 322.631095 2 0.064692885416662)
 , (Not 322.631095 4 0.064692885416662)
 , (Not 322.89315601042 3 0.065789375000008)
 , (Not 322.89315601042 4 0.065789375000008)
 , (Not 323.15741 4 0.52412202083332)
 , (Not 323.683725 3 0.52302553125003)
 , (Not 323.683725 4 0.52302553125003)
 , (Not 324.21004 4 0.065789375000008)
 , (Not 324.60587273959 1 0.064692885416662)
 , (Not 324.60587273959 4 0.064692885416662)
 , (Not 325.00060898959 2 0.064692885416662)
 , (Not 325.00060898959 4 0.064692885416662)
 , (Not 325.26267 1 0.066885864583355)
 , (Not 325.26267 4 0.066885864583355)
 , (Not 325.39424875 2 0.065789374999952)
 , (Not 325.52692398959 1 0.064692885416662)
 , (Not 325.788985 3 0.78837601041664)
 , (Not 326.5784575 4 0.064692885416662)
 , (Not 326.841615 1 0.065789375000008)
 , (Not 326.841615 4 0.065789375000008)
 , (Not 327.10586898959 2 0.064692885416662)
 , (Not 327.10586898959 4 0.064692885416662)
 , (Not 327.36793 1 0.065789375000008)
 , (Not 327.36793 4 0.065789375000008)
 , (Not 327.63218398959 2 0.064692885416662)
 , (Not 327.63218398959 4 0.064692885416662)
 , (Not 327.894245 3 0.065789375000008)
 , (Not 327.894245 4 0.065789375000008)
 , (Not 328.02692023959 2 0.064692885416662)
 , (Not 328.1574025 3 0.064692885416662)
 , (Not 328.42056 4 0.064692885416662)
 , (Not 328.81529625 1 0.065789375000008)
 , (Not 328.81529625 4 0.065789375000008)
 , (Not 329.2100325 2 0.064692885416662)
 , (Not 329.2100325 4 0.064692885416662)
 , (Not 329.47319 1 0.064692885416662)
 , (Not 329.47319 4 0.064692885416662)
 , (Not 329.60476875 2 0.064692885416662)
 , (Not 329.7363475 1 0.064692885416662)
 , (Not 329.999505 3 4.7357385104167)
 , (Not 334.73634 3 0.064692885416662)
 , (Not 334.73634 4 0.064692885416662)
 , (Not 335.262655 3 0.065789375000008)
 , (Not 335.262655 4 0.065789375000008)
 , (Not 335.78897 4 0.066885864583355)
 , (Not 336.05651345834 3 0.063596395833315)
 , (Not 336.05651345834 4 0.063596395833315)
 , (Not 336.57405654167 3 0.066885864583355)
 , (Not 336.57405654167 4 0.066885864583355)
 , (Not 337.0981785625 3 0.066885864583355)
 , (Not 337.0981785625 4 0.066885864583355)
 , (Not 337.63216898959 4 4.9956065416667)
 , (Not 342.631065 3 0.064692885416662)
 , (Not 342.631065 4 0.064692885416662)
 , (Not 342.89312601042 2 0.064692885416662)
 , (Not 342.89312601042 4 0.064692885416662)
 , (Not 343.15738 1 0.064692885416662)
 , (Not 343.15738 4 0.064692885416662)
 , (Not 343.41944101042 4 0.064692885416662)]